contractSymbol,lastTradeDate,strike,lastPrice,bid,ask,change,percentChange,volume,openInterest,impliedVolatility,inTheMoney,contractSize,currency,type
GLD260417C00250000,2026-04-17 13:43:07+00:00,250.0,197.75,194.45,195.9,8.179993,4.315025,1.0,9.0,1.0000000000000003e-05,True,REGULAR,USD,call
GLD260417C00255000,2026-04-16 14:56:19+00:00,255.0,184.72,189.6,191.05,0.0,0.0,3.0,4.0,4.164067294921875,True,REGULAR,USD,call
GLD260417C00260000,2026-04-10 18:31:10+00:00,260.0,177.68,184.45,186.05,0.0,0.0,3.0,3.0,4.0312549609375,True,REGULAR,USD,call
GLD260417C00265000,2026-04-16 19:19:34+00:00,265.0,175.06,179.6,181.1,0.0,0.0,2.0,7.0,4.058598676757812,True,REGULAR,USD,call
GLD260417C00270000,2026-04-17 15:04:19+00:00,270.0,177.37,174.6,175.9,7.299988,4.2923427,1.0,2.0,1.0000000000000003e-05,True,REGULAR,USD,call
GLD260417C00275000,2026-04-06 16:14:14+00:00,275.0,154.45,169.6,171.1,0.0,0.0,2.0,175.0,3.7929692675781252,True,REGULAR,USD,call
GLD260417C00280000,2026-04-08 13:43:41+00:00,280.0,159.4,164.6,166.1,0.0,0.0,20.0,23.0,3.6640633398437505,True,REGULAR,USD,call
GLD260417C00285000,2026-04-16 19:03:52+00:00,285.0,154.55,159.4,161.1,0.0,0.0,4.0,1.0,3.5390636523437498,True,REGULAR,USD,call
GLD260417C00290000,2026-04-17 16:58:27+00:00,290.0,157.03,154.6,156.0,7.4599915,4.987625,9.0,10.0,3.0937522656249996,True,REGULAR,USD,call
GLD260417C00295000,2026-04-16 18:49:29+00:00,295.0,144.67,149.5,151.05,0.0,0.0,4.0,13.0,3.156252109375,True,REGULAR,USD,call
GLD260417C00300000,2026-04-16 18:51:05+00:00,300.0,139.91,144.6,146.05,0.0,0.0,18.0,44.0,3.03906490234375,True,REGULAR,USD,call
GLD260417C00305000,2026-03-25 13:30:14+00:00,305.0,117.6,139.55,141.1,0.0,0.0,2.0,6.0,3.050783623046875,True,REGULAR,USD,call
GLD260417C00310000,2026-04-17 16:31:21+00:00,310.0,137.38,134.55,136.1,6.6900024,5.1189857,1.0,35.0,2.933596416015625,True,REGULAR,USD,call
GLD260417C00315000,2026-04-17 16:50:02+00:00,315.0,132.0,129.5,131.0,12.110001,10.100925,18.0,175.0,2.5390661523437497,True,REGULAR,USD,call
GLD260417C00320000,2026-04-17 19:43:26+00:00,320.0,126.4,124.45,126.1,5.25,4.333471,165.0,444.0,2.7031282421875,True,REGULAR,USD,call
GLD260417C00325000,2026-04-17 13:47:02+00:00,325.0,121.3,119.45,121.05,4.800003,4.1201744,1.0,106.0,2.480472548828125,True,REGULAR,USD,call
GLD260417C00330000,2026-04-17 19:54:14+00:00,330.0,115.98,114.45,116.1,4.4600067,3.9992888,5.0,198.0,2.47656630859375,True,REGULAR,USD,call
GLD260417C00335000,2026-04-10 14:01:26+00:00,335.0,103.75,109.6,111.1,0.0,0.0,2.0,209.0,2.3671915820312495,True,REGULAR,USD,call
GLD260417C00340000,2026-04-17 14:16:35+00:00,340.0,107.28,104.5,106.1,9.479996,9.693247,1.0,185.0,2.2578168554687497,True,REGULAR,USD,call
GLD260417C00345000,2026-04-17 19:31:50+00:00,345.0,101.09,99.45,100.9,6.3199997,6.6687775,1.0,227.0,1.0000000000000003e-05,True,REGULAR,USD,call
GLD260417C00350000,2026-04-17 19:32:19+00:00,350.0,96.1,94.6,95.95,5.949997,6.600107,6.0,389.0,1.609376953125,True,REGULAR,USD,call
GLD260417C00355000,2026-04-17 18:27:24+00:00,355.0,92.05,89.6,91.1,6.830002,8.014553,1.0,181.0,1.935547197265625,True,REGULAR,USD,call
GLD260417C00360000,2026-04-17 19:54:14+00:00,360.0,85.98,84.45,86.05,4.600006,5.652502,5.0,226.0,1.75000125,True,REGULAR,USD,call
GLD260417C00365000,2026-04-17 19:24:03+00:00,365.0,81.23,79.6,81.15,6.1200027,8.148053,4.0,37.0,1.7890635546875,True,REGULAR,USD,call
GLD260417C00370000,2026-04-17 19:53:33+00:00,370.0,76.0,74.7,76.0,5.8799973,8.385621,16.0,260.0,1.4492215039062502,True,REGULAR,USD,call
GLD260417C00375000,2026-04-17 19:33:27+00:00,375.0,71.1,69.7,71.1,6.330002,9.7730465,12.0,121.0,1.5195336523437497,True,REGULAR,USD,call
GLD260417C00376000,2026-04-17 19:14:32+00:00,376.0,70.22,68.45,70.05,6.540001,10.2701025,3.0,5.0,1.4296903515625,True,REGULAR,USD,call
GLD260417C00377000,2026-04-17 14:46:46+00:00,377.0,70.87,67.55,69.05,8.170002,13.030306,2.0,8.0,1.41015919921875,True,REGULAR,USD,call
GLD260417C00378000,2026-04-16 16:48:49+00:00,378.0,61.87,66.6,68.1,0.0,0.0,6.0,9.0,1.4589870800781248,True,REGULAR,USD,call
GLD260417C00379000,2026-04-16 16:48:49+00:00,379.0,60.97,65.6,67.1,0.0,0.0,9.0,12.0,1.439455927734375,True,REGULAR,USD,call
GLD260417C00380000,2026-04-17 19:32:18+00:00,380.0,66.1,64.7,65.95,5.489998,9.057907,45.0,540.0,1.1015669921875002,True,REGULAR,USD,call
GLD260417C00381000,2026-04-17 18:11:54+00:00,381.0,65.7,63.4,65.05,6.7299957,11.412575,1.0,7.0,1.3320345898437496,True,REGULAR,USD,call
GLD260417C00382000,2026-04-17 18:11:54+00:00,382.0,64.82,62.6,64.1,6.950001,12.009678,1.0,16.0,1.3789093554687497,True,REGULAR,USD,call
GLD260417C00383000,2026-04-17 14:47:18+00:00,383.0,64.89,61.6,63.1,8.419998,14.910568,1.0,13.0,1.3574250878906249,True,REGULAR,USD,call
GLD260417C00384000,2026-04-17 14:47:18+00:00,384.0,64.0,60.45,62.05,7.8899994,14.061664,1.0,35.0,1.2734411328124997,True,REGULAR,USD,call
GLD260417C00385000,2026-04-17 19:29:35+00:00,385.0,61.05,59.7,60.95,5.919998,10.738252,19.0,322.0,1.015629921875,True,REGULAR,USD,call
GLD260417C00386000,2026-04-07 13:37:30+00:00,386.0,42.82,58.5,60.05,0.0,0.0,5.0,8.0,1.236331943359375,True,REGULAR,USD,call
GLD260417C00387000,2026-04-17 14:47:49+00:00,387.0,60.83,57.55,59.1,8.280003,15.756428,1.0,12.0,1.2773473632812498,True,REGULAR,USD,call
GLD260417C00388000,2026-04-17 14:47:49+00:00,388.0,59.93,56.6,58.1,8.360001,16.210978,1.0,20.0,1.2578162109375,True,REGULAR,USD,call
GLD260417C00389000,2026-04-16 16:51:25+00:00,389.0,50.98,55.45,57.05,0.0,0.0,3.0,38.0,1.1777384863281248,True,REGULAR,USD,call
GLD260417C00390000,2026-04-17 17:11:35+00:00,390.0,56.45,54.45,56.1,5.8100014,11.473146,10.0,4361.0,1.2168007910156249,True,REGULAR,USD,call
GLD260417C00391000,2026-04-16 19:18:26+00:00,391.0,49.08,53.45,55.1,0.0,0.0,5.0,16.0,1.197269638671875,True,REGULAR,USD,call
GLD260417C00392000,2026-04-17 19:57:45+00:00,392.0,53.87,52.75,53.9,5.7700005,11.995844,5.0,23.0,1.0000000000000003e-05,True,REGULAR,USD,call
GLD260417C00393000,2026-04-17 17:11:31+00:00,393.0,53.33,51.6,53.1,5.3500023,11.150484,4.0,63.0,1.15625421875,True,REGULAR,USD,call
GLD260417C00394000,2026-04-16 19:50:14+00:00,394.0,46.2,50.45,52.1,0.0,0.0,3.0,113.0,1.1367230664062502,True,REGULAR,USD,call
GLD260417C00395000,2026-04-17 19:45:20+00:00,395.0,51.29,49.6,51.0,5.8199997,12.799647,48.0,794.0,0.9882813671875,True,REGULAR,USD,call
GLD260417C00396000,2026-04-16 19:04:28+00:00,396.0,44.19,48.6,50.1,0.0,0.0,5.0,18.0,1.0957076464843751,True,REGULAR,USD,call
GLD260417C00397000,2026-04-17 16:34:46+00:00,397.0,50.25,47.5,49.1,7.3100014,17.023758,2.0,22.0,1.076176494140625,True,REGULAR,USD,call
GLD260417C00398000,2026-04-16 16:51:43+00:00,398.0,41.94,46.6,48.1,0.0,0.0,1.0,9.0,1.056645341796875,True,REGULAR,USD,call
GLD260417C00399000,2026-04-16 16:51:43+00:00,399.0,41.04,45.45,47.1,0.0,0.0,1.0,7.0,1.0371141894531253,True,REGULAR,USD,call
GLD260417C00400000,2026-04-17 19:57:38+00:00,400.0,45.83,44.6,45.95,5.210003,12.826201,78.0,2101.0,0.773439765625,True,REGULAR,USD,call
GLD260417C00401000,2026-04-17 18:12:58+00:00,401.0,45.63,43.45,45.05,7.16,18.611904,2.0,38.0,0.945313046875,True,REGULAR,USD,call
GLD260417C00402000,2026-04-17 16:54:48+00:00,402.0,45.06,42.4,44.1,5.710003,14.510809,11.0,72.0,0.9765627343750001,True,REGULAR,USD,call
GLD260417C00403000,2026-04-17 17:35:47+00:00,403.0,43.22,41.5,43.05,5.040001,13.200631,2.0,29.0,0.9082040429687499,True,REGULAR,USD,call
GLD260417C00404000,2026-04-17 15:58:52+00:00,404.0,43.3,40.6,42.1,6.3099976,17.058657,7.0,71.0,0.936524072265625,True,REGULAR,USD,call
GLD260417C00405000,2026-04-17 19:53:41+00:00,405.0,41.17,39.6,41.0,6.16,17.594975,55.0,1921.0,0.8085956640624999,True,REGULAR,USD,call
GLD260417C00406000,2026-04-17 16:34:46+00:00,406.0,41.3,38.4,40.05,9.9,31.528662,1.0,83.0,0.84961087890625,True,REGULAR,USD,call
GLD260417C00407000,2026-04-17 15:58:40+00:00,407.0,40.28,37.55,39.1,5.919998,17.22933,2.0,74.0,0.87695435546875,True,REGULAR,USD,call
GLD260417C00408000,2026-04-17 15:23:51+00:00,408.0,39.39,36.65,37.95,5.239998,15.344063,2.0,79.0,0.648441015625,True,REGULAR,USD,call
GLD260417C00409000,2026-04-17 15:23:24+00:00,409.0,38.5,35.45,37.0,7.25,23.2,1.0,42.0,0.73437765625,True,REGULAR,USD,call
GLD260417C00410000,2026-04-17 19:44:13+00:00,410.0,36.5,34.7,36.0,6.42,21.343084,150.0,6660.0,0.71679970703125,True,REGULAR,USD,call
GLD260417C00411000,2026-04-15 18:51:31+00:00,411.0,30.28,33.45,35.05,0.0,0.0,20.0,37.0,0.7539087109375,True,REGULAR,USD,call
GLD260417C00412000,2026-04-17 14:17:18+00:00,412.0,34.65,32.55,34.1,4.6900024,15.654214,3.0,69.0,0.7763694238281251,True,REGULAR,USD,call
GLD260417C00413000,2026-04-17 16:48:36+00:00,413.0,34.08,31.55,33.15,5.580002,19.578955,1.0,165.0,0.790041162109375,True,REGULAR,USD,call
GLD260417C00414000,2026-04-17 18:02:59+00:00,414.0,32.78,30.55,32.0,5.6799984,20.959402,18.0,130.0,0.6445348046875,True,REGULAR,USD,call
GLD260417C00415000,2026-04-17 20:10:27+00:00,415.0,30.24,29.55,30.6,4.84,19.055119,168.0,1840.0,1.0000000000000003e-05,True,REGULAR,USD,call
GLD260417C00416000,2026-04-17 17:18:20+00:00,416.0,30.89,28.4,30.05,6.6399994,27.381441,13.0,194.0,0.65820654296875,True,REGULAR,USD,call
GLD260417C00417000,2026-04-17 19:34:50+00:00,417.0,29.05,27.6,29.1,3.7299995,14.731436,10.0,1112.0,0.6757844921875001,True,REGULAR,USD,call
GLD260417C00418000,2026-04-17 19:51:21+00:00,418.0,28.2,26.6,28.1,6.700001,31.162794,10.0,328.0,0.6552768847656252,True,REGULAR,USD,call
GLD260417C00419000,2026-04-17 19:34:50+00:00,419.0,27.07,25.6,27.1,6.58,32.113228,10.0,89.0,0.6347692773437501,True,REGULAR,USD,call
GLD260417C00420000,2026-04-17 20:07:25+00:00,420.0,25.25,24.65,25.9,5.1399994,25.55942,556.0,24577.0,1.0000000000000003e-05,True,REGULAR,USD,call
GLD260417C00421000,2026-04-17 20:09:47+00:00,421.0,23.92,23.7,24.95,4.5699997,23.617569,17.0,348.0,0.437505625,True,REGULAR,USD,call
GLD260417C00422000,2026-04-17 19:30:20+00:00,422.0,24.1,22.55,24.05,5.800001,31.693996,16.0,212.0,0.5410202148437502,True,REGULAR,USD,call
GLD260417C00423000,2026-04-17 17:25:41+00:00,423.0,22.93,21.45,23.1,5.370001,30.58087,4.0,114.0,0.5537154003906251,True,REGULAR,USD,call
GLD260417C00424000,2026-04-17 20:01:47+00:00,424.0,22.12,20.5,22.05,5.8900013,36.29083,289.0,464.0,0.5019581054687501,True,REGULAR,USD,call
GLD260417C00425000,2026-04-17 20:07:25+00:00,425.0,20.25,19.65,20.9,5.0,32.786884,413.0,15536.0,1.0000000000000003e-05,True,REGULAR,USD,call
GLD260417C00426000,2026-04-17 19:55:44+00:00,426.0,19.95,18.75,19.9,5.500001,38.062294,204.0,424.0,1.0000000000000003e-05,True,REGULAR,USD,call
GLD260417C00427000,2026-04-17 19:30:12+00:00,427.0,19.09,17.5,19.05,5.6400003,41.93309,26.0,552.0,0.442388388671875,True,REGULAR,USD,call
GLD260417C00428000,2026-04-17 19:49:21+00:00,428.0,18.42,16.75,18.0,6.0200005,48.548393,21.0,2472.0,0.38672488281249995,True,REGULAR,USD,call
GLD260417C00429000,2026-04-17 20:03:36+00:00,429.0,16.81,15.6,16.5,5.5599995,49.42222,173.0,1926.0,1.0000000000000003e-05,True,REGULAR,USD,call
GLD260417C00430000,2026-04-17 20:00:47+00:00,430.0,15.8,14.6,15.5,5.42,52.215797,844.0,11494.0,1.0000000000000003e-05,True,REGULAR,USD,call
GLD260417C00431000,2026-04-17 19:38:50+00:00,431.0,15.23,13.65,15.0,5.879999,62.88769,185.0,510.0,0.33008482421874996,True,REGULAR,USD,call
GLD260417C00432000,2026-04-17 19:52:16+00:00,432.0,14.1,12.55,13.55,5.5700006,65.29896,17.0,341.0,1.0000000000000003e-05,True,REGULAR,USD,call
GLD260417C00433000,2026-04-17 18:32:09+00:00,433.0,13.82,11.5,13.0,6.62,91.94445,279.0,3037.0,0.2919992675781249,True,REGULAR,USD,call
GLD260417C00434000,2026-04-17 19:52:16+00:00,434.0,12.08,10.6,11.5,5.18,75.072464,58.0,175.0,1.0000000000000003e-05,True,REGULAR,USD,call
GLD260417C00435000,2026-04-17 20:13:37+00:00,435.0,10.2,9.9,10.5,4.45,77.3913,924.0,6669.0,1.0000000000000003e-05,True,REGULAR,USD,call
GLD260417C00436000,2026-04-17 20:03:16+00:00,436.0,9.87,8.55,9.95,5.12,107.789474,68.0,1256.0,0.19336744140625,True,REGULAR,USD,call
GLD260417C00437000,2026-04-17 20:10:36+00:00,437.0,8.25,7.6,8.6,4.05,96.42858,480.0,3881.0,1.0000000000000003e-05,True,REGULAR,USD,call
GLD260417C00438000,2026-04-17 19:58:51+00:00,438.0,7.97,6.6,7.6,4.62,137.91045,479.0,1031.0,1.0000000000000003e-05,True,REGULAR,USD,call
GLD260417C00439000,2026-04-17 20:10:36+00:00,439.0,6.27,5.65,6.5,3.65,139.31299,326.0,3239.0,1.0000000000000003e-05,True,REGULAR,USD,call
GLD260417C00440000,2026-04-17 20:13:56+00:00,440.0,5.27,4.9,5.5,3.25,160.8911,2631.0,16715.0,1.0000000000000003e-05,True,REGULAR,USD,call
GLD260417C00441000,2026-04-17 20:12:20+00:00,441.0,4.25,3.75,4.75,2.76,185.2349,1217.0,1588.0,1.0000000000000003e-05,True,REGULAR,USD,call
GLD260417C00442000,2026-04-17 20:12:20+00:00,442.0,3.36,3.0,3.7,2.25,202.70273,665.0,1111.0,1.0000000000000003e-05,True,REGULAR,USD,call
GLD260417C00443000,2026-04-17 20:09:29+00:00,443.0,2.41,1.93,2.92,1.6800001,230.13698,437.0,777.0,1.0000000000000003e-05,True,REGULAR,USD,call
GLD260417C00444000,2026-04-17 20:10:03+00:00,444.0,1.4,1.03,1.57,0.83,145.61404,1381.0,1639.0,1.0000000000000003e-05,True,REGULAR,USD,call
GLD260417C00445000,2026-04-17 20:14:52+00:00,445.0,0.45,0.2,0.57,0.00999999,2.272725,8819.0,13171.0,1.0000000000000003e-05,True,REGULAR,USD,call
GLD260417C00446000,2026-04-17 20:12:49+00:00,446.0,0.08,0.03,0.17,-0.24,-75.0,2110.0,1194.0,0.021738298339843753,False,REGULAR,USD,call
GLD260417C00447000,2026-04-17 20:14:56+00:00,447.0,0.01,0.0,0.04,-0.22999999,-95.83333,3689.0,966.0,0.035654174804687494,False,REGULAR,USD,call
GLD260417C00448000,2026-04-17 20:07:47+00:00,448.0,0.04,0.0,0.01,-0.16999999,-80.95238,4899.0,879.0,0.04493142578125,False,REGULAR,USD,call
GLD260417C00449000,2026-04-17 20:07:56+00:00,449.0,0.13,0.0,0.11,-0.040000007,-23.529415,2091.0,860.0,0.10157148437499999,False,REGULAR,USD,call
GLD260417C00450000,2026-04-17 20:14:36+00:00,450.0,0.01,0.01,0.02,-0.14,-93.33333,12350.0,18524.0,0.088876298828125,False,REGULAR,USD,call
GLD260417C00451000,2026-04-17 20:12:46+00:00,451.0,0.03,0.01,0.04,-0.120000005,-80.0,1713.0,1461.0,0.12012598632812499,False,REGULAR,USD,call
GLD260417C00452000,2026-04-17 20:06:15+00:00,452.0,0.03,0.0,0.03,-0.13,-81.25,1065.0,1124.0,0.132821171875,False,REGULAR,USD,call
GLD260417C00453000,2026-04-17 19:59:23+00:00,453.0,0.09,0.0,0.08,-0.09,-49.999996,1483.0,941.0,0.178719150390625,False,REGULAR,USD,call
GLD260417C00454000,2026-04-17 20:14:54+00:00,454.0,0.01,0.01,0.3,-0.09,-90.0,929.0,1442.0,0.26758544921875,False,REGULAR,USD,call
GLD260417C00455000,2026-04-17 20:14:18+00:00,455.0,0.12,0.01,0.11,0.049999997,71.428566,4459.0,10840.0,0.231452998046875,False,REGULAR,USD,call
GLD260417C00456000,2026-04-17 20:11:36+00:00,456.0,0.04,0.0,0.04,-0.02,-33.333336,324.0,1325.0,0.21094539062499998,False,REGULAR,USD,call
GLD260417C00457000,2026-04-17 19:44:35+00:00,457.0,0.03,0.0,0.18,-0.04,-57.142857,155.0,1979.0,0.299811689453125,False,REGULAR,USD,call
GLD260417C00458000,2026-04-17 19:50:36+00:00,458.0,0.1,0.0,0.01,0.030000001,42.857143,179.0,1304.0,0.20313296874999998,False,REGULAR,USD,call
GLD260417C00459000,2026-04-17 18:48:23+00:00,459.0,0.01,0.0,0.05,-0.07,-87.5,774.0,4845.0,0.27149166015625,False,REGULAR,USD,call
GLD260417C00460000,2026-04-17 20:04:49+00:00,460.0,0.01,0.0,0.07,-0.049999997,-83.333336,1249.0,19209.0,0.304694453125,False,REGULAR,USD,call
GLD260417C00461000,2026-04-17 19:37:18+00:00,461.0,0.05,0.0,0.02,-0.05,-50.0,80.0,1251.0,0.2695385546875,False,REGULAR,USD,call
GLD260417C00462000,2026-04-17 19:53:45+00:00,462.0,0.02,0.0,0.06,-0.030000001,-60.0,91.0,1750.0,0.3320379296875,False,REGULAR,USD,call
GLD260417C00463000,2026-04-17 17:08:37+00:00,463.0,0.03,0.0,0.79,-0.03,-50.0,40.0,1060.0,0.5961954443359375,False,REGULAR,USD,call
GLD260417C00464000,2026-04-17 19:31:55+00:00,464.0,0.05,0.0,0.15,0.010000002,25.000004,15.0,2312.0,0.424810439453125,False,REGULAR,USD,call
GLD260417C00465000,2026-04-17 19:58:22+00:00,465.0,0.02,0.0,0.04,-0.02,-50.0,387.0,9452.0,0.36133451171875,False,REGULAR,USD,call
GLD260417C00466000,2026-04-17 15:23:18+00:00,466.0,0.04,0.0,0.01,-0.010000002,-20.000002,78.0,3147.0,0.32031929687499994,False,REGULAR,USD,call
GLD260417C00467000,2026-04-17 19:17:29+00:00,467.0,0.08,0.0,0.13,-0.020000003,-20.000002,60.0,1064.0,0.4687553125,False,REGULAR,USD,call
GLD260417C00468000,2026-04-17 17:56:09+00:00,468.0,0.03,0.0,0.06,-0.07,-70.0,17.0,539.0,0.43164630859375,False,REGULAR,USD,call
GLD260417C00469000,2026-04-17 19:26:03+00:00,469.0,0.01,0.0,0.05,-0.049999997,-83.333336,37.0,867.0,0.437505625,False,REGULAR,USD,call
GLD260417C00470000,2026-04-17 19:53:41+00:00,470.0,0.01,0.0,0.01,-0.02,-66.66667,580.0,17928.0,0.37500625,False,REGULAR,USD,call
GLD260417C00471000,2026-04-17 19:25:55+00:00,471.0,0.01,0.0,0.05,-0.04,-80.00001,49.0,1067.0,0.4687553125,False,REGULAR,USD,call
GLD260417C00472000,2026-04-17 18:14:20+00:00,472.0,0.01,0.0,0.11,-0.07,-87.5,27.0,683.0,0.5429733203125001,False,REGULAR,USD,call
GLD260417C00473000,2026-04-17 14:02:17+00:00,473.0,0.04,0.0,0.03,-0.010000002,-20.000002,3.0,1220.0,0.4687553125,False,REGULAR,USD,call
GLD260417C00474000,2026-04-17 18:14:20+00:00,474.0,0.01,0.0,0.04,-0.060000002,-85.71429,27.0,2021.0,0.500005,False,REGULAR,USD,call
GLD260417C00475000,2026-04-17 19:56:26+00:00,475.0,0.02,0.0,0.04,-0.02,-50.0,157.0,6893.0,0.51562984375,False,REGULAR,USD,call
GLD260417C00476000,2026-04-17 18:07:51+00:00,476.0,0.01,0.0,0.05,-0.04,-80.00001,87.0,535.0,0.500005,False,REGULAR,USD,call
GLD260417C00477000,2026-04-17 18:07:46+00:00,477.0,0.01,0.0,0.05,-0.01,-50.0,6.0,334.0,0.51562984375,False,REGULAR,USD,call
GLD260417C00478000,2026-04-17 18:04:35+00:00,478.0,0.01,0.0,0.01,-0.04,-80.00001,10.0,866.0,0.48438015625,False,REGULAR,USD,call
GLD260417C00479000,2026-04-17 17:15:37+00:00,479.0,0.01,0.0,0.04,-0.1,-90.90909,24.0,332.0,0.5312546875,False,REGULAR,USD,call
GLD260417C00480000,2026-04-17 19:53:45+00:00,480.0,0.01,0.0,0.01,-0.02,-66.66667,31.0,24608.0,0.507817421875,False,REGULAR,USD,call
GLD260417C00481000,2026-04-17 17:28:18+00:00,481.0,0.03,0.0,0.09,-0.03,-50.0,2.0,642.0,0.6132851171875001,False,REGULAR,USD,call
GLD260417C00482000,2026-04-16 15:34:30+00:00,482.0,0.02,0.02,0.05,-0.05,-71.42857,1.0,369.0,0.6093789062500001,False,REGULAR,USD,call
GLD260417C00483000,2026-04-17 15:16:30+00:00,483.0,0.01,0.0,0.16,-0.11,-91.66667,5.0,3601.0,0.6914093359375001,False,REGULAR,USD,call
GLD260417C00484000,2026-04-17 13:39:20+00:00,484.0,0.03,0.0,0.01,0.01,50.0,3.0,1247.0,0.5312546875,False,REGULAR,USD,call
GLD260417C00485000,2026-04-17 18:31:51+00:00,485.0,0.02,0.0,0.01,0.01,100.0,22.0,7438.0,0.5312546875,False,REGULAR,USD,call
GLD260417C00486000,2026-04-17 17:28:18+00:00,486.0,0.06,0.0,0.15,0.03,100.0,32.0,1092.0,0.7304714453125,False,REGULAR,USD,call
GLD260417C00487000,2026-04-15 20:09:58+00:00,487.0,0.05,0.0,0.09,0.0,0.0,296.0,1100.0,0.6992217578125001,False,REGULAR,USD,call
GLD260417C00488000,2026-04-17 15:22:59+00:00,488.0,0.01,0.0,0.01,-0.02,-66.66667,6.0,806.0,0.5625043750000001,False,REGULAR,USD,call
GLD260417C00489000,2026-04-17 19:37:58+00:00,489.0,0.01,0.0,0.05,-0.02,-66.66667,12.0,272.0,0.6796907031250001,False,REGULAR,USD,call
GLD260417C00490000,2026-04-17 19:45:30+00:00,490.0,0.01,0.0,0.01,0.0,0.0,37.0,11228.0,0.5937540625000001,False,REGULAR,USD,call
GLD260417C00491000,2026-04-17 14:19:38+00:00,491.0,0.02,0.0,0.04,0.0,0.0,7.0,567.0,0.6875031250000001,False,REGULAR,USD,call
GLD260417C00492000,2026-04-17 15:15:33+00:00,492.0,0.01,0.0,0.01,0.0,0.0,3.0,425.0,0.6250037500000001,False,REGULAR,USD,call
GLD260417C00493000,2026-04-16 19:59:54+00:00,493.0,0.01,0.0,0.01,0.0,0.0,48.0,721.0,0.6250037500000001,False,REGULAR,USD,call
GLD260417C00494000,2026-04-17 13:52:34+00:00,494.0,0.04,0.0,0.04,0.03,300.0,3.0,1512.0,0.726565234375,False,REGULAR,USD,call
GLD260417C00495000,2026-04-17 19:22:10+00:00,495.0,0.03,0.0,0.01,0.02,200.0,89.0,14243.0,0.6562534375000001,False,REGULAR,USD,call
GLD260417C00496000,2026-04-16 16:49:10+00:00,496.0,0.01,0.0,0.05,0.0,0.0,15.0,906.0,0.773439765625,False,REGULAR,USD,call
GLD260417C00497000,2026-04-16 16:48:14+00:00,497.0,0.01,0.0,0.17,0.0,0.0,3.0,328.0,0.9062509375,False,REGULAR,USD,call
GLD260417C00498000,2026-04-16 16:47:26+00:00,498.0,0.01,0.0,0.06,0.0,0.0,10.0,1119.0,0.8125018749999999,False,REGULAR,USD,call
GLD260417C00499000,2026-04-17 18:48:34+00:00,499.0,0.03,0.0,0.09,-0.03,-50.0,1.0,614.0,0.8632826171875,False,REGULAR,USD,call
GLD260417C00500000,2026-04-17 19:53:09+00:00,500.0,0.01,0.0,0.01,0.0,0.0,69.0,20381.0,0.7187528125,False,REGULAR,USD,call
GLD260417C00501000,2026-04-17 19:34:05+00:00,501.0,0.01,0.0,0.09,0.0,0.0,10.0,546.0,0.8906260937499999,False,REGULAR,USD,call
GLD260417C00502000,2026-04-17 18:02:53+00:00,502.0,0.01,0.0,0.03,-0.02,-66.66667,46.0,338.0,0.804689453125,False,REGULAR,USD,call
GLD260417C00503000,2026-04-17 19:38:51+00:00,503.0,0.01,0.0,0.05,0.0,0.0,8.0,602.0,0.85937640625,False,REGULAR,USD,call
GLD260417C00504000,2026-04-14 19:54:12+00:00,504.0,0.05,0.0,0.05,0.0,0.0,7.0,379.0,0.87500125,False,REGULAR,USD,call
GLD260417C00505000,2026-04-17 17:59:31+00:00,505.0,0.01,0.0,0.01,-0.01,-50.0,17.0,5820.0,0.7656273437500001,False,REGULAR,USD,call
GLD260417C00506000,2026-04-16 19:43:23+00:00,506.0,0.01,0.0,0.03,0.0,0.0,45.0,525.0,0.85937640625,False,REGULAR,USD,call
GLD260417C00507000,2026-04-17 17:54:41+00:00,507.0,0.05,0.0,0.51,0.0,0.0,2.0,278.0,1.22266013671875,False,REGULAR,USD,call
GLD260417C00508000,2026-04-17 18:52:38+00:00,508.0,0.02,0.0,0.03,0.01,100.0,41.0,577.0,0.87500125,False,REGULAR,USD,call
GLD260417C00509000,2026-04-15 17:25:29+00:00,509.0,0.06,0.0,0.51,0.0,0.0,1.0,384.0,1.25390998046875,False,REGULAR,USD,call
GLD260417C00510000,2026-04-17 17:17:29+00:00,510.0,0.03,0.0,0.05,0.02,200.0,18.0,10788.0,0.9531254687499999,False,REGULAR,USD,call
GLD260417C00511000,2026-04-17 15:03:50+00:00,511.0,0.05,0.0,0.51,-0.29999998,-85.71428,6.0,68.0,1.2851598242187499,False,REGULAR,USD,call
GLD260417C00512000,2026-04-16 19:27:27+00:00,512.0,0.01,0.0,0.05,0.0,0.0,36.0,651.0,0.9765627343750001,False,REGULAR,USD,call
GLD260417C00513000,2026-04-17 16:41:48+00:00,513.0,0.01,0.0,0.01,0.0,0.0,21.0,480.0,0.8437515624999999,False,REGULAR,USD,call
GLD260417C00514000,2026-04-16 18:32:27+00:00,514.0,0.04,0.0,0.01,0.0,0.0,2.0,219.0,0.87500125,False,REGULAR,USD,call
GLD260417C00515000,2026-04-17 15:33:13+00:00,515.0,0.01,0.0,0.01,-0.01,-50.0,7.0,16080.0,0.87500125,False,REGULAR,USD,call
GLD260417C00520000,2026-04-17 16:57:53+00:00,520.0,0.01,0.0,0.01,0.0,0.0,12.0,34865.0,0.937500625,False,REGULAR,USD,call
GLD260417C00525000,2026-04-16 19:58:11+00:00,525.0,0.01,0.0,0.01,0.0,0.0,16.0,2012.0,0.9687503125,False,REGULAR,USD,call
GLD260417C00530000,2026-04-16 14:14:53+00:00,530.0,0.01,0.0,0.01,0.0,0.0,14.0,6676.0,1.0312548437500002,False,REGULAR,USD,call
GLD260417C00535000,2026-04-16 18:24:53+00:00,535.0,0.01,0.0,0.01,0.0,0.0,1.0,608.0,1.09375453125,False,REGULAR,USD,call
GLD260417C00540000,2026-04-16 18:24:53+00:00,540.0,0.01,0.0,0.01,0.0,0.0,36.0,4856.0,1.125004375,False,REGULAR,USD,call
GLD260417C00545000,2026-04-16 13:51:24+00:00,545.0,0.01,0.0,0.01,0.0,0.0,65.0,34352.0,1.1875040625,False,REGULAR,USD,call
GLD260417C00550000,2026-04-15 19:37:43+00:00,550.0,0.01,0.0,0.01,0.0,0.0,35.0,4902.0,1.2500037499999999,False,REGULAR,USD,call
GLD260417C00555000,2026-04-15 15:56:07+00:00,555.0,0.01,0.0,0.01,0.0,0.0,32.0,1414.0,1.2812535937499998,False,REGULAR,USD,call
GLD260417C00560000,2026-04-15 15:19:50+00:00,560.0,0.01,0.0,0.01,0.0,0.0,22.0,924.0,1.3125034374999998,False,REGULAR,USD,call
GLD260417C00565000,2026-04-15 15:27:18+00:00,565.0,0.02,0.0,0.01,0.0,0.0,95.0,1000.0,1.3750031249999999,False,REGULAR,USD,call
GLD260417C00570000,2026-04-16 13:47:51+00:00,570.0,0.01,0.0,0.01,0.0,0.0,1.0,751.0,1.4375028125,False,REGULAR,USD,call
GLD260417C00575000,2026-04-16 17:10:26+00:00,575.0,0.01,0.0,0.01,0.0,0.0,32.0,627.0,1.46875265625,False,REGULAR,USD,call
GLD260417C00580000,2026-04-13 15:09:04+00:00,580.0,0.02,0.0,0.01,0.0,0.0,1.0,2267.0,1.5000025,False,REGULAR,USD,call
GLD260417C00585000,2026-04-14 17:13:29+00:00,585.0,0.01,0.0,0.01,0.0,0.0,358.0,751.0,1.5625021874999998,False,REGULAR,USD,call
GLD260417C00590000,2026-04-14 15:56:32+00:00,590.0,0.01,0.0,0.01,0.0,0.0,31.0,383.0,1.625001875,False,REGULAR,USD,call
GLD260417C00595000,2026-04-13 18:59:54+00:00,595.0,0.01,0.0,0.01,0.0,0.0,77.0,4912.0,1.65625171875,False,REGULAR,USD,call
GLD260417C00600000,2026-04-14 19:00:56+00:00,600.0,0.01,0.0,0.01,0.0,0.0,1.0,4233.0,1.6875015625,False,REGULAR,USD,call
GLD260417C00605000,2026-04-14 19:41:25+00:00,605.0,0.02,0.0,0.03,0.0,0.0,1.0,689.0,1.890625546875,False,REGULAR,USD,call
GLD260417C00610000,2026-04-14 19:41:25+00:00,610.0,0.02,0.0,0.01,0.0,0.0,7.0,135.0,1.78125109375,False,REGULAR,USD,call
GLD260417C00615000,2026-04-10 14:37:01+00:00,615.0,0.01,0.0,0.03,0.0,0.0,13.0,399.0,1.984375078125,False,REGULAR,USD,call
GLD260417C00620000,2026-04-08 18:45:30+00:00,620.0,0.01,0.0,0.01,0.0,0.0,75.0,235.0,1.875000625,False,REGULAR,USD,call
GLD260417C00625000,2026-04-13 14:19:10+00:00,625.0,0.01,0.0,0.01,0.0,0.0,3.0,455.0,1.9062504687500001,False,REGULAR,USD,call
GLD260417C00630000,2026-04-08 18:43:01+00:00,630.0,0.01,0.0,0.06,0.0,0.0,44.0,217.0,2.2500043749999996,False,REGULAR,USD,call
GLD260417C00635000,2026-04-02 19:10:17+00:00,635.0,0.04,0.0,0.84,0.0,0.0,15.0,84.0,3.0722679443359375,False,REGULAR,USD,call
GLD260417C00640000,2026-04-17 19:04:33+00:00,640.0,0.04,0.0,0.01,0.03,300.0,1.0,761.0,2.031254921875,False,REGULAR,USD,call
GLD260417C00645000,2026-04-06 13:56:12+00:00,645.0,0.02,0.0,0.06,0.0,0.0,14.0,116.0,2.3906290234374996,False,REGULAR,USD,call
GLD260417C00650000,2026-04-07 13:39:49+00:00,650.0,0.01,0.0,0.01,0.0,0.0,1.0,524.0,2.1250046874999997,False,REGULAR,USD,call
GLD260417C00655000,2026-04-06 15:18:38+00:00,655.0,0.01,0.0,0.81,0.0,0.0,187.0,231.0,3.281251796875,False,REGULAR,USD,call
GLD260417C00660000,2026-03-31 19:39:59+00:00,660.0,0.08,0.0,0.06,0.0,0.0,10.0,406.0,2.5156287109374995,False,REGULAR,USD,call
GLD260417C00665000,2026-04-09 15:37:56+00:00,665.0,0.01,0.0,0.84,0.0,0.0,2.0,237.0,3.406251484375,False,REGULAR,USD,call
GLD260417C00670000,2026-04-14 19:16:01+00:00,670.0,0.03,0.0,0.05,0.0,0.0,3.0,291.0,2.56250359375,False,REGULAR,USD,call
GLD260417C00675000,2026-03-20 13:30:02+00:00,675.0,0.01,0.0,0.84,0.0,0.0,2.0,17.0,3.511719970703125,False,REGULAR,USD,call
GLD260417C00680000,2026-04-09 13:30:01+00:00,680.0,0.01,0.0,0.05,0.0,0.0,1.0,487.0,2.6562533593750004,False,REGULAR,USD,call
GLD260417C00685000,2026-03-23 17:16:07+00:00,685.0,0.01,0.0,0.84,0.0,0.0,10.0,10.0,3.6171884570312502,False,REGULAR,USD,call
GLD260417C00690000,2026-04-02 20:10:19+00:00,690.0,0.01,0.0,0.01,0.0,0.0,146.0,1051.0,2.43750390625,False,REGULAR,USD,call
GLD260417C00695000,2026-04-07 14:05:12+00:00,695.0,0.02,0.0,0.84,0.0,0.0,1.0,49.0,3.718750703125,False,REGULAR,USD,call
GLD260417C00700000,2026-04-07 14:06:29+00:00,700.0,0.02,0.0,0.01,0.0,0.0,1.0,704.0,2.50000375,False,REGULAR,USD,call
GLD260417C00705000,2026-04-17 19:02:16+00:00,705.0,0.04,0.0,0.05,0.03,300.0,2.0,4498.0,2.843752890625,False,REGULAR,USD,call
GLD260417C00710000,2026-03-20 17:29:37+00:00,710.0,0.13,0.0,0.05,0.0,0.0,5.0,309.0,2.8906277734375,False,REGULAR,USD,call
GLD260417C00715000,2026-03-19 19:45:17+00:00,715.0,0.05,0.0,0.84,0.0,0.0,1.0,3.0,3.917968955078125,False,REGULAR,USD,call
GLD260417C00720000,2026-03-09 13:39:42+00:00,720.0,0.23,0.0,0.1,0.0,0.0,13.0,135.0,3.156252109375,False,REGULAR,USD,call
GLD260417C00725000,2026-03-10 20:01:50+00:00,725.0,0.2,0.0,0.25,0.0,0.0,11.0,56.0,3.49218876953125,False,REGULAR,USD,call
GLD260417C00730000,2026-03-06 18:55:22+00:00,730.0,0.25,0.0,0.0,0.0,0.0,1.0,0.0,0.500005,False,REGULAR,USD,call
GLD260417C00735000,2026-03-10 16:34:25+00:00,735.0,0.24,0.0,0.84,0.0,0.0,1.0,10.0,4.10937986328125,False,REGULAR,USD,call
GLD260417C00740000,2026-03-06 21:05:48+00:00,740.0,0.29,0.0,0.0,0.0,0.0,34.0,0.0,0.500005,False,REGULAR,USD,call
GLD260417C00745000,2026-03-10 15:58:47+00:00,745.0,0.28,0.0,0.84,0.0,0.0,1.0,5.0,4.20312974609375,False,REGULAR,USD,call
GLD260417C00750000,2026-04-10 16:36:00+00:00,750.0,0.01,0.0,0.01,0.0,0.0,250.0,798.0,2.81250296875,False,REGULAR,USD,call
GLD260417C00755000,2026-04-10 15:43:03+00:00,755.0,0.01,0.0,0.01,0.0,0.0,1.0,3.0,2.8750028125,False,REGULAR,USD,call
GLD260417C00760000,2026-03-13 14:37:17+00:00,760.0,0.1,0.0,0.01,0.0,0.0,11.0,239.0,2.8750028125,False,REGULAR,USD,call
GLD260417C00770000,2026-03-13 13:30:01+00:00,770.0,0.08,0.0,0.01,0.0,0.0,10.0,154.0,3.0000025,False,REGULAR,USD,call
GLD260417C00780000,2026-03-27 15:48:38+00:00,780.0,0.01,0.0,0.01,0.0,0.0,1.0,330.0,3.0000025,False,REGULAR,USD,call
GLD260417C00790000,2026-04-15 19:17:20+00:00,790.0,0.01,0.0,0.01,0.0,0.0,1.0,404.0,3.1250021875,False,REGULAR,USD,call
GLD260417C00800000,2026-04-14 19:13:18+00:00,800.0,0.01,0.0,0.01,0.0,0.0,200.0,3309.0,3.1250021875,False,REGULAR,USD,call
GLD260417P00210000,2026-04-10 19:01:41+00:00,210.0,0.01,,0.2,0.0,0.0,1.0,101.0,5.812502734375,False,REGULAR,USD,put
GLD260417P00230000,2026-04-02 17:41:08+00:00,230.0,0.02,0.0,0.06,0.0,0.0,24.0,24.0,4.2500046875,False,REGULAR,USD,put
GLD260417P00250000,2026-04-14 14:43:19+00:00,250.0,0.04,0.0,0.01,0.0,0.0,1.0,1395.0,3.2500018749999997,False,REGULAR,USD,put
GLD260417P00255000,2026-04-17 13:31:12+00:00,255.0,0.03,0.0,0.03,0.02,200.0,1.0,1477.0,3.43750140625,False,REGULAR,USD,put
GLD260417P00260000,2026-04-07 17:58:17+00:00,260.0,0.02,0.0,0.01,0.0,0.0,4.0,188.0,3.0000025,False,REGULAR,USD,put
GLD260417P00265000,2026-04-07 20:10:37+00:00,265.0,0.03,0.0,0.04,0.0,0.0,24.0,215.0,3.281251796875,False,REGULAR,USD,put
GLD260417P00270000,2026-04-14 13:36:20+00:00,270.0,0.01,0.0,0.01,0.0,0.0,19.0,716.0,2.8750028125,False,REGULAR,USD,put
GLD260417P00275000,2026-04-15 17:24:00+00:00,275.0,0.01,0.0,0.01,0.0,0.0,56.0,348.0,2.750003125,False,REGULAR,USD,put
GLD260417P00280000,2026-04-17 18:58:49+00:00,280.0,0.01,0.0,0.01,0.0,0.0,16.0,544.0,2.6250034375,False,REGULAR,USD,put
GLD260417P00285000,2026-04-15 13:42:19+00:00,285.0,0.01,0.0,0.01,0.0,0.0,5.0,743.0,2.56250359375,False,REGULAR,USD,put
GLD260417P00290000,2026-04-15 17:24:34+00:00,290.0,0.01,0.0,0.01,0.0,0.0,22.0,307.0,2.43750390625,False,REGULAR,USD,put
GLD260417P00295000,2026-04-14 14:14:41+00:00,295.0,0.01,0.0,0.01,0.0,0.0,11.0,877.0,2.3750040624999995,False,REGULAR,USD,put
GLD260417P00300000,2026-04-15 17:25:00+00:00,300.0,0.01,0.0,0.01,0.0,0.0,48.0,1103.0,2.2500043749999996,False,REGULAR,USD,put
GLD260417P00305000,2026-04-14 14:16:30+00:00,305.0,0.01,0.0,0.07,0.0,0.0,4.0,371.0,2.5781285546875,False,REGULAR,USD,put
GLD260417P00310000,2026-04-14 18:14:17+00:00,310.0,0.03,0.0,0.16,0.0,0.0,19.0,635.0,2.68750328125,False,REGULAR,USD,put
GLD260417P00315000,2026-04-17 19:56:41+00:00,315.0,0.06,0.0,0.11,0.049999997,499.99988,1.0,380.0,2.47656630859375,False,REGULAR,USD,put
GLD260417P00320000,2026-04-15 15:51:32+00:00,320.0,0.04,0.0,0.03,0.0,0.0,29.0,1911.0,2.0937547656249995,False,REGULAR,USD,put
GLD260417P00325000,2026-04-17 15:53:03+00:00,325.0,0.16,0.0,0.4,0.14999999,1499.9991,1.0,1301.0,2.642581518554688,False,REGULAR,USD,put
GLD260417P00330000,2026-04-16 15:17:46+00:00,330.0,0.03,0.0,0.03,0.0,0.0,9.0,605.0,1.9218753906250001,False,REGULAR,USD,put
GLD260417P00335000,2026-04-16 17:07:42+00:00,335.0,0.01,0.0,0.01,0.0,0.0,10.0,1570.0,1.6875015625,False,REGULAR,USD,put
GLD260417P00340000,2026-04-16 19:49:01+00:00,340.0,0.01,0.0,0.01,0.0,0.0,2.0,970.0,1.5937520312499998,False,REGULAR,USD,put
GLD260417P00345000,2026-04-16 19:29:35+00:00,345.0,0.01,0.0,0.01,0.0,0.0,40.0,1520.0,1.5000025,False,REGULAR,USD,put
GLD260417P00350000,2026-04-17 18:02:10+00:00,350.0,0.01,0.0,0.01,0.0,0.0,3.0,2775.0,1.4375028125,False,REGULAR,USD,put
GLD260417P00355000,2026-04-16 19:45:21+00:00,355.0,0.01,0.0,0.84,0.0,0.0,7.0,943.0,2.208988852539062,False,REGULAR,USD,put
GLD260417P00360000,2026-04-17 14:30:00+00:00,360.0,0.02,0.0,0.05,-0.01,-33.333336,25.0,14463.0,1.46875265625,False,REGULAR,USD,put
GLD260417P00365000,2026-04-17 16:04:07+00:00,365.0,0.01,0.0,0.06,0.0,0.0,4.0,1100.0,1.40625296875,False,REGULAR,USD,put
GLD260417P00370000,2026-04-17 16:06:52+00:00,370.0,0.01,0.0,0.76,0.0,0.0,18.0,13929.0,1.8320320898437497,False,REGULAR,USD,put
GLD260417P00375000,2026-04-17 15:38:22+00:00,375.0,0.01,0.01,0.01,0.0,0.0,33.0,8859.0,1.109379453125,False,REGULAR,USD,put
GLD260417P00376000,2026-04-16 18:29:42+00:00,376.0,0.01,0.0,0.01,0.0,0.0,679.0,785.0,1.0312548437500002,False,REGULAR,USD,put
GLD260417P00377000,2026-04-17 19:56:56+00:00,377.0,0.42,0.0,0.84,0.41,4100.004,2.0,398.0,1.7021499267578126,False,REGULAR,USD,put
GLD260417P00378000,2026-04-16 15:54:16+00:00,378.0,0.01,0.0,0.84,0.0,0.0,42.0,143.0,1.6796891015625,False,REGULAR,USD,put
GLD260417P00379000,2026-04-17 13:41:46+00:00,379.0,0.01,0.0,0.01,0.0,0.0,13.0,227.0,0.98437515625,False,REGULAR,USD,put
GLD260417P00380000,2026-04-17 14:47:40+00:00,380.0,0.01,0.0,0.01,0.0,0.0,8.0,29277.0,0.9687503125,False,REGULAR,USD,put
GLD260417P00381000,2026-04-17 16:04:53+00:00,381.0,0.01,0.0,0.01,-0.03,-75.0,40.0,195.0,0.9687503125,False,REGULAR,USD,put
GLD260417P00382000,2026-04-16 19:21:54+00:00,382.0,0.04,0.0,0.03,0.0,0.0,65.0,286.0,1.0468797656250002,False,REGULAR,USD,put
GLD260417P00383000,2026-04-16 19:21:54+00:00,383.0,0.09,0.0,0.84,0.0,0.0,8.0,108.0,1.5664084179687499,False,REGULAR,USD,put
GLD260417P00384000,2026-04-17 17:58:47+00:00,384.0,0.01,0.0,0.01,-0.01,-50.0,13.0,452.0,0.9062509375,False,REGULAR,USD,put
GLD260417P00385000,2026-04-17 13:31:01+00:00,385.0,0.01,0.0,0.01,0.0,0.0,60.0,5006.0,0.9062509375,False,REGULAR,USD,put
GLD260417P00386000,2026-04-16 20:07:23+00:00,386.0,0.04,0.0,0.01,0.0,0.0,786.0,856.0,0.87500125,False,REGULAR,USD,put
GLD260417P00387000,2026-04-16 13:45:08+00:00,387.0,0.01,0.0,0.03,0.0,0.0,2.0,134.0,0.9609378906249999,False,REGULAR,USD,put
GLD260417P00388000,2026-04-16 16:16:01+00:00,388.0,0.02,0.0,0.01,0.0,0.0,2.0,182.0,0.8437515624999999,False,REGULAR,USD,put
GLD260417P00389000,2026-04-16 13:58:16+00:00,389.0,0.03,0.0,0.09,0.0,0.0,1.0,1878.0,1.0429735351562504,False,REGULAR,USD,put
GLD260417P00390000,2026-04-17 17:59:06+00:00,390.0,0.02,0.0,0.01,-0.01,-33.333336,71.0,7782.0,0.8281267187499999,False,REGULAR,USD,put
GLD260417P00391000,2026-04-17 13:45:05+00:00,391.0,0.01,0.0,0.09,-0.080000006,-88.88889,3.0,150.0,1.0078174609375,False,REGULAR,USD,put
GLD260417P00392000,2026-04-16 16:19:59+00:00,392.0,0.01,0.0,0.01,0.0,0.0,5.0,2421.0,0.79687703125,False,REGULAR,USD,put
GLD260417P00393000,2026-04-16 20:05:58+00:00,393.0,0.01,0.0,0.01,0.0,0.0,172.0,316.0,0.7812521875,False,REGULAR,USD,put
GLD260417P00394000,2026-04-17 13:52:00+00:00,394.0,0.01,0.0,0.01,-0.02,-66.66667,20.0,309.0,0.7812521875,False,REGULAR,USD,put
GLD260417P00395000,2026-04-17 17:28:08+00:00,395.0,0.02,0.0,0.07,0.0,0.0,22.0,1803.0,0.9101571484375,False,REGULAR,USD,put
GLD260417P00396000,2026-04-17 13:42:02+00:00,396.0,0.16,0.0,0.25,0.11,220.00002,4.0,110.0,1.0488328808593752,False,REGULAR,USD,put
GLD260417P00397000,2026-04-16 19:55:06+00:00,397.0,0.02,0.0,0.09,0.0,0.0,9.0,122.0,0.9023447265625,False,REGULAR,USD,put
GLD260417P00398000,2026-04-16 20:06:00+00:00,398.0,0.25,0.0,0.01,0.23,1150.0002,3.0,640.0,0.7187528125,False,REGULAR,USD,put
GLD260417P00399000,2026-04-16 15:01:11+00:00,399.0,0.06,0.0,0.01,0.0,0.0,1.0,1210.0,0.6875031250000001,False,REGULAR,USD,put
GLD260417P00400000,2026-04-17 19:07:19+00:00,400.0,0.01,0.0,0.01,-0.02,-66.66667,58.0,25202.0,0.6875031250000001,False,REGULAR,USD,put
GLD260417P00401000,2026-04-17 13:40:57+00:00,401.0,0.07,0.0,0.01,-0.049999997,-41.666664,4.0,915.0,0.6718782812500002,False,REGULAR,USD,put
GLD260417P00402000,2026-04-17 13:53:17+00:00,402.0,0.01,0.0,0.01,-0.02,-66.66667,23.0,396.0,0.6562534375000001,False,REGULAR,USD,put
GLD260417P00403000,2026-04-17 17:45:11+00:00,403.0,0.03,0.0,0.01,0.01,50.0,43.0,396.0,0.64062859375,False,REGULAR,USD,put
GLD260417P00404000,2026-04-16 13:37:03+00:00,404.0,0.05,0.0,0.09,0.0,0.0,6.0,207.0,0.7812521875,False,REGULAR,USD,put
GLD260417P00405000,2026-04-17 18:25:59+00:00,405.0,0.01,0.0,0.01,-0.03,-75.0,68.0,3940.0,0.6093789062500001,False,REGULAR,USD,put
GLD260417P00406000,2026-04-17 16:05:55+00:00,406.0,0.05,0.0,0.08,0.010000002,25.000004,42.0,177.0,0.73437765625,False,REGULAR,USD,put
GLD260417P00407000,2026-04-17 15:44:40+00:00,407.0,0.01,0.0,0.11,-0.080000006,-88.88889,263.0,448.0,0.7460962890625,False,REGULAR,USD,put
GLD260417P00408000,2026-04-17 15:40:19+00:00,408.0,0.01,0.0,0.02,-0.07,-87.5,32.0,225.0,0.6093789062500001,False,REGULAR,USD,put
GLD260417P00409000,2026-04-17 18:11:34+00:00,409.0,0.04,0.0,0.05,-0.010000002,-20.000002,2.0,275.0,0.648441015625,False,REGULAR,USD,put
GLD260417P00410000,2026-04-17 19:30:00+00:00,410.0,0.01,0.0,0.01,-0.04,-80.00001,80.0,11694.0,0.5312546875,False,REGULAR,USD,put
GLD260417P00411000,2026-04-17 19:05:17+00:00,411.0,0.01,0.0,0.05,-0.04,-80.00001,22.0,350.0,0.6171913281250001,False,REGULAR,USD,put
GLD260417P00412000,2026-04-17 17:45:11+00:00,412.0,0.05,0.0,0.01,-0.029999997,-37.499996,40.0,324.0,0.51562984375,False,REGULAR,USD,put
GLD260417P00413000,2026-04-17 16:41:17+00:00,413.0,0.01,0.0,0.06,-0.049999997,-83.333336,121.0,404.0,0.5937540625000001,False,REGULAR,USD,put
GLD260417P00414000,2026-04-17 16:46:21+00:00,414.0,0.04,0.0,0.09,-0.04,-50.0,15.0,407.0,0.6074258007812501,False,REGULAR,USD,put
GLD260417P00415000,2026-04-17 19:55:51+00:00,415.0,0.01,0.0,0.06,-0.07,-87.5,201.0,7456.0,0.5625043750000001,False,REGULAR,USD,put
GLD260417P00416000,2026-04-17 17:04:57+00:00,416.0,0.01,0.0,0.06,-0.049999997,-83.333336,89.0,464.0,0.5468795312500001,False,REGULAR,USD,put
GLD260417P00417000,2026-04-17 19:39:32+00:00,417.0,0.01,0.0,0.09,-0.11,-91.66667,7.0,664.0,0.5546919531250001,False,REGULAR,USD,put
GLD260417P00418000,2026-04-17 13:41:49+00:00,418.0,0.11,0.0,0.21,-0.019999996,-15.384612,6.0,516.0,0.6054726953125001,False,REGULAR,USD,put
GLD260417P00419000,2026-04-17 19:09:39+00:00,419.0,0.02,0.0,0.09,-0.07000001,-77.77779,16.0,627.0,0.5195360546875,False,REGULAR,USD,put
GLD260417P00420000,2026-04-17 19:57:36+00:00,420.0,0.04,0.0,0.02,-0.060000002,-60.0,444.0,25429.0,0.45703667968750006,False,REGULAR,USD,put
GLD260417P00421000,2026-04-17 19:09:34+00:00,421.0,0.04,0.0,0.11,-0.089999996,-69.230774,20.0,297.0,0.500005,False,REGULAR,USD,put
GLD260417P00422000,2026-04-17 19:09:39+00:00,422.0,0.01,0.0,0.01,-0.1,-90.90909,139.0,225.0,0.39063109375,False,REGULAR,USD,put
GLD260417P00423000,2026-04-17 18:06:54+00:00,423.0,0.02,0.0,0.05,-0.13000001,-86.66667,89.0,380.0,0.45703667968750006,False,REGULAR,USD,put
GLD260417P00424000,2026-04-17 19:15:11+00:00,424.0,0.01,0.0,0.05,-0.14,-93.33333,51.0,951.0,0.43945873046875,False,REGULAR,USD,put
GLD260417P00425000,2026-04-17 19:49:38+00:00,425.0,0.01,0.0,0.16,-0.13,-92.85714,2234.0,16169.0,0.506840869140625,False,REGULAR,USD,put
GLD260417P00426000,2026-04-17 19:20:36+00:00,426.0,0.01,0.0,0.05,-0.17999999,-94.73685,27.0,1096.0,0.40430283203125,False,REGULAR,USD,put
GLD260417P00427000,2026-04-17 19:47:58+00:00,427.0,0.01,0.0,0.44,-0.11,-91.66667,104.0,1070.0,0.5751995605468749,False,REGULAR,USD,put
GLD260417P00428000,2026-04-17 19:57:47+00:00,428.0,0.02,0.0,0.05,-0.16000001,-88.88889,378.0,3781.0,0.367193828125,False,REGULAR,USD,put
GLD260417P00429000,2026-04-17 19:04:41+00:00,429.0,0.01,0.0,0.32,-0.19,-95.0,132.0,592.0,0.4892629199218751,False,REGULAR,USD,put
GLD260417P00430000,2026-04-17 19:51:50+00:00,430.0,0.03,0.0,0.03,-0.24000001,-88.888885,2892.0,11454.0,0.3086006640625,False,REGULAR,USD,put
GLD260417P00431000,2026-04-17 20:02:17+00:00,431.0,0.01,0.0,0.01,-0.26000002,-96.2963,482.0,1074.0,0.25391371093750004,False,REGULAR,USD,put
GLD260417P00432000,2026-04-17 19:54:34+00:00,432.0,0.02,0.0,0.22,-0.32999998,-94.28571,279.0,467.0,0.3857483300781249,False,REGULAR,USD,put
GLD260417P00433000,2026-04-17 20:04:33+00:00,433.0,0.01,0.0,0.09,-0.38,-97.4359,285.0,3371.0,0.304694453125,False,REGULAR,USD,put
GLD260417P00434000,2026-04-17 19:54:57+00:00,434.0,0.01,0.0,0.01,-0.49,-98.0,254.0,898.0,0.20703917968749996,False,REGULAR,USD,put
GLD260417P00435000,2026-04-17 20:03:38+00:00,435.0,0.01,0.0,0.08,-0.59000003,-98.333336,1213.0,5355.0,0.25977302734375,False,REGULAR,USD,put
GLD260417P00436000,2026-04-17 19:37:21+00:00,436.0,0.05,0.0,0.05,-0.78999996,-94.04762,179.0,791.0,0.22071091796874998,False,REGULAR,USD,put
GLD260417P00437000,2026-04-17 20:00:26+00:00,437.0,0.01,0.0,0.2,-1.01,-99.01961,239.0,2646.0,0.26563234375,False,REGULAR,USD,put
GLD260417P00438000,2026-04-17 20:14:01+00:00,438.0,0.01,0.0,0.09,-1.25,-99.20635,180.0,2576.0,0.20410952148437497,False,REGULAR,USD,put
GLD260417P00439000,2026-04-17 19:54:59+00:00,439.0,0.01,0.0,0.17,-1.55,-99.35898,215.0,1412.0,0.2104571142578125,False,REGULAR,USD,put
GLD260417P00440000,2026-04-17 20:10:22+00:00,440.0,0.04,0.01,0.03,-2.01,-98.04878,4204.0,12723.0,0.13086806640624998,False,REGULAR,USD,put
GLD260417P00441000,2026-04-17 20:14:17+00:00,441.0,0.03,0.01,0.04,-2.47,-98.8,1720.0,807.0,0.118172880859375,False,REGULAR,USD,put
GLD260417P00442000,2026-04-17 20:03:22+00:00,442.0,0.01,0.0,0.01,-3.04,-99.672134,869.0,473.0,0.07813421875000001,False,REGULAR,USD,put
GLD260417P00443000,2026-04-17 20:11:55+00:00,443.0,0.03,0.0,0.05,-3.07,-99.032265,938.0,141.0,0.08155215332031251,False,REGULAR,USD,put
GLD260417P00444000,2026-04-17 20:12:16+00:00,444.0,0.08,0.02,0.1,-4.19,-98.126465,1211.0,593.0,0.071298349609375,False,REGULAR,USD,put
GLD260417P00445000,2026-04-17 20:13:59+00:00,445.0,0.2,0.04,0.41,-5.1800003,-96.282524,15219.0,10697.0,0.08497008789062502,False,REGULAR,USD,put
GLD260417P00446000,2026-04-17 20:13:31+00:00,446.0,1.04,0.57,1.14,-4.51,-81.26126,1934.0,102.0,0.1186611572265625,True,REGULAR,USD,put
GLD260417P00447000,2026-04-17 20:09:13+00:00,447.0,1.7,1.36,2.0,-4.2200003,-71.28379,1266.0,19.0,0.15015498291015628,True,REGULAR,USD,put
GLD260417P00448000,2026-04-17 19:49:16+00:00,448.0,1.69,2.08,3.1,-6.69,-79.83293,969.0,38.0,0.20215641601562498,True,REGULAR,USD,put
GLD260417P00449000,2026-04-17 19:29:37+00:00,449.0,2.94,3.2,4.15,-5.9199996,-66.817154,81.0,33.0,0.2456130126953125,True,REGULAR,USD,put
GLD260417P00450000,2026-04-17 20:06:43+00:00,450.0,4.93,4.4,5.2,-4.7000003,-48.805817,859.0,12748.0,0.2876047802734374,True,REGULAR,USD,put
GLD260417P00451000,2026-04-17 20:06:14+00:00,451.0,5.77,5.4,6.1,-5.03,-46.574078,964.0,1432.0,0.3078682495117187,True,REGULAR,USD,put
GLD260417P00452000,2026-04-17 20:05:24+00:00,452.0,6.48,6.4,7.1,-5.14,-44.23408,158.0,281.0,0.3398503515625,True,REGULAR,USD,put
GLD260417P00453000,2026-04-17 18:22:29+00:00,453.0,6.46,7.05,8.55,-6.4799995,-50.07728,18.0,3145.0,0.4343318286132813,True,REGULAR,USD,put
GLD260417P00454000,2026-04-17 17:25:18+00:00,454.0,8.0,8.05,9.1,-6.24,-43.820225,33.0,421.0,0.4008848974609375,True,REGULAR,USD,put
GLD260417P00455000,2026-04-17 20:01:20+00:00,455.0,9.2,9.2,10.4,-5.9300003,-39.193653,137.0,3039.0,0.4760794580078125,True,REGULAR,USD,put
GLD260417P00456000,2026-04-17 19:45:28+00:00,456.0,9.67,9.95,11.4,-6.379999,-39.75078,2.0,847.0,0.5061084545898438,True,REGULAR,USD,put
GLD260417P00457000,2026-04-17 19:09:43+00:00,457.0,11.08,11.05,12.35,-6.460001,-36.83011,15.0,271.0,0.5275926147460939,True,REGULAR,USD,put
GLD260417P00458000,2026-04-17 19:55:23+00:00,458.0,12.04,12.05,13.55,-5.46,-31.2,1.0,9.0,0.58789474609375,True,REGULAR,USD,put
GLD260417P00459000,2026-04-17 14:01:14+00:00,459.0,10.74,12.9,14.6,-8.290001,-43.5628,2.0,50.0,0.6245154736328126,True,REGULAR,USD,put
GLD260417P00460000,2026-04-17 19:55:23+00:00,460.0,14.06,14.1,15.4,-6.0099993,-29.945189,12.0,852.0,0.6203651245117189,True,REGULAR,USD,put
GLD260417P00461000,2026-04-17 16:10:59+00:00,461.0,13.5,15.05,16.35,-6.9300003,-33.920704,4.0,28.0,0.5127001855468749,True,REGULAR,USD,put
GLD260417P00462000,2026-04-17 20:00:31+00:00,462.0,15.97,15.9,17.4,-5.9700003,-27.210573,2.0,44.0,0.524418818359375,True,REGULAR,USD,put
GLD260417P00463000,2026-04-15 19:18:58+00:00,463.0,22.22,16.9,18.4,0.0,0.0,6.0,45.0,0.5478560839843751,True,REGULAR,USD,put
GLD260417P00464000,2026-04-17 13:46:35+00:00,464.0,17.09,17.95,19.5,-6.8999996,-28.761982,1.0,9.0,0.5893595751953126,True,REGULAR,USD,put
GLD260417P00465000,2026-04-17 20:00:17+00:00,465.0,19.45,19.05,20.4,-6.0099983,-23.60565,8.0,55.0,0.6123085644531252,True,REGULAR,USD,put
GLD260417P00466000,2026-04-17 20:00:31+00:00,466.0,20.02,19.9,21.45,-5.379999,-21.1811,6.0,276.0,0.622074091796875,True,REGULAR,USD,put
GLD260417P00467000,2026-04-17 19:56:22+00:00,467.0,21.38,20.9,22.4,-5.9000015,-21.62757,3.0,1.0,0.637698935546875,True,REGULAR,USD,put
GLD260417P00468000,2026-04-17 17:25:43+00:00,468.0,22.22,22.05,23.4,-5.800001,-20.699505,3.0,1.0,0.6801789794921876,True,REGULAR,USD,put
GLD260417P00469000,2026-04-17 19:56:56+00:00,469.0,23.42,22.9,24.55,-5.17,-18.083246,1.0,1.0,0.702151416015625,True,REGULAR,USD,put
GLD260417P00470000,2026-04-17 20:01:20+00:00,470.0,24.25,24.15,25.35,-5.8500004,-19.435217,90.0,2422.0,0.7309597216796875,True,REGULAR,USD,put
GLD260417P00471000,2026-04-17 19:53:06+00:00,471.0,25.1,25.1,26.2,-5.6499996,-18.373981,64.0,65.0,0.7246121289062499,True,REGULAR,USD,put
GLD260417P00472000,2026-04-16 18:50:03+00:00,472.0,32.1,25.9,27.4,0.0,0.0,150.0,50.0,0.7456080126953125,True,REGULAR,USD,put
GLD260417P00473000,2026-04-14 13:42:35+00:00,473.0,33.13,26.95,28.55,0.0,0.0,4.0,0.0,0.795900478515625,True,REGULAR,USD,put
GLD260417P00474000,2026-04-10 14:34:11+00:00,474.0,34.08,27.95,29.6,0.0,0.0,6.0,0.0,0.8247087841796874,True,REGULAR,USD,put
GLD260417P00475000,2026-04-16 20:11:55+00:00,475.0,35.1,28.95,30.6,0.0,0.0,4219.0,155.0,0.8457046679687499,True,REGULAR,USD,put
GLD260417P00476000,2026-04-13 14:16:28+00:00,476.0,42.22,29.95,31.55,0.0,0.0,13.0,0.0,0.8598646826171875,True,REGULAR,USD,put
GLD260417P00477000,2026-04-13 14:16:28+00:00,477.0,43.32,30.9,32.4,0.0,0.0,13.0,0.0,0.8491226025390625,True,REGULAR,USD,put
GLD260417P00478000,2026-04-15 18:19:53+00:00,478.0,37.35,31.95,33.65,0.0,0.0,1.0,4.0,0.9165047412109376,True,REGULAR,USD,put
GLD260417P00479000,2026-04-16 16:10:31+00:00,479.0,37.55,32.9,34.55,0.0,0.0,2.0,1.0,0.914063359375,True,REGULAR,USD,put
GLD260417P00480000,2026-04-17 16:03:25+00:00,480.0,33.04,34.0,35.55,-6.959999,-17.399998,4.0,611.0,0.9501958105468749,True,REGULAR,USD,put
GLD260417P00481000,2026-04-17 19:16:29+00:00,481.0,34.81,34.9,36.3,-9.09,-20.70615,1.0,1.0,0.9116219775390625,True,REGULAR,USD,put
GLD260417P00482000,2026-04-17 17:11:52+00:00,482.0,35.57,35.95,37.65,-8.23,-18.789953,4.0,0.0,0.999023447265625,True,REGULAR,USD,put
GLD260417P00483000,2026-04-17 17:11:52+00:00,483.0,36.55,36.95,38.55,-7.799999,-17.587372,4.0,0.0,1.0029346728515625,True,REGULAR,USD,put
GLD260417P00484000,2026-04-10 19:33:22+00:00,484.0,45.35,37.95,39.55,0.0,0.0,12.0,0.0,1.0229541040039063,True,REGULAR,USD,put
GLD260417P00485000,2026-04-15 19:17:36+00:00,485.0,44.42,38.85,40.2,0.0,0.0,5.0,1.0,0.9589847851562499,True,REGULAR,USD,put
GLD260417P00486000,2026-04-09 14:12:14+00:00,486.0,48.65,39.95,41.55,0.0,0.0,5.0,0.0,1.0625046875000002,True,REGULAR,USD,put
GLD260417P00487000,2026-04-09 14:13:19+00:00,487.0,48.51,40.95,42.55,0.0,0.0,1.0,1.0,1.08203583984375,True,REGULAR,USD,put
GLD260417P00488000,2026-04-14 14:06:13+00:00,488.0,47.86,41.9,43.45,0.0,0.0,2.0,0.0,1.0742233789062503,True,REGULAR,USD,put
GLD260417P00489000,2026-03-27 14:28:46+00:00,489.0,80.1,42.95,44.55,0.0,0.0,4.0,0.0,1.1206098657226562,True,REGULAR,USD,put
GLD260417P00490000,2026-04-17 17:37:05+00:00,490.0,43.65,43.95,45.6,-6.3499985,-12.699998,9.0,1038.0,1.1489300366210937,True,REGULAR,USD,put
GLD260417P00491000,2026-04-10 19:33:22+00:00,491.0,53.5,44.95,46.4,0.0,0.0,80.0,0.0,1.1308637207031251,True,REGULAR,USD,put
GLD260417P00492000,2026-03-31 14:34:09+00:00,492.0,67.5,45.95,47.55,0.0,0.0,3.0,0.0,1.1782267651367184,True,REGULAR,USD,put
GLD260417P00493000,2026-03-20 16:00:49+00:00,493.0,74.35,46.95,48.55,0.0,0.0,28.0,0.0,1.197269638671875,True,REGULAR,USD,put
GLD260417P00494000,2026-04-07 19:45:55+00:00,494.0,61.35,47.95,49.55,0.0,0.0,6.0,0.0,1.2158242333984375,True,REGULAR,USD,put
GLD260417P00495000,2026-04-16 19:24:07+00:00,495.0,55.0,48.9,50.6,0.0,0.0,250.0,60.0,1.2343788281249999,True,REGULAR,USD,put
GLD260417P00496000,2026-03-25 15:16:31+00:00,496.0,78.75,49.95,51.55,0.0,0.0,1.0,0.0,1.2529334228515623,True,REGULAR,USD,put
GLD260417P00497000,2026-03-25 18:58:09+00:00,497.0,80.4,50.9,52.6,0.0,0.0,2.0,0.0,1.2714880175781247,True,REGULAR,USD,put
GLD260417P00498000,2026-04-07 16:23:17+00:00,498.0,69.7,51.9,53.4,0.0,0.0,5.0,0.0,1.2500037499999999,True,REGULAR,USD,put
GLD260417P00499000,2026-03-12 16:27:43+00:00,499.0,32.96,52.9,54.6,0.0,0.0,1.0,0.0,1.3085972070312497,True,REGULAR,USD,put
GLD260417P00500000,2026-04-14 16:11:56+00:00,500.0,58.15,53.95,55.4,0.0,0.0,1.0,11.0,1.2963902368164062,True,REGULAR,USD,put
GLD260417P00501000,2026-03-23 16:34:36+00:00,501.0,99.2,54.95,56.6,0.0,0.0,8.0,0.0,1.354983693847656,True,REGULAR,USD,put
GLD260417P00502000,2026-03-18 17:04:46+00:00,502.0,53.59,55.95,57.4,0.0,0.0,9.0,0.0,1.3320345898437496,True,REGULAR,USD,put
GLD260417P00503000,2026-03-24 14:52:17+00:00,503.0,96.4,56.85,58.25,0.0,0.0,1.0,0.0,1.2919957275390623,True,REGULAR,USD,put
GLD260417P00504000,2026-04-02 13:35:16+00:00,504.0,82.0,57.9,59.4,0.0,0.0,1.0,0.0,1.3564485302734375,True,REGULAR,USD,put
GLD260417P00505000,2026-04-16 19:24:07+00:00,505.0,65.0,58.95,60.2,0.0,0.0,250.0,100.0,1.338870493164062,True,REGULAR,USD,put
GLD260417P00506000,2026-03-19 19:59:14+00:00,506.0,79.78,59.95,61.6,0.0,0.0,3.0,0.0,1.4453152734375,True,REGULAR,USD,put
GLD260417P00507000,2026-03-20 15:17:11+00:00,507.0,87.7,60.95,62.4,0.0,0.0,17.0,0.0,1.419924775390625,True,REGULAR,USD,put
GLD260417P00508000,2026-03-20 16:20:26+00:00,508.0,85.15,61.95,63.6,0.0,0.0,8.0,0.0,1.48047134765625,True,REGULAR,USD,put
GLD260417P00509000,2026-03-20 14:55:56+00:00,509.0,90.4,62.95,64.4,0.0,0.0,2.0,0.0,1.455080849609375,True,REGULAR,USD,put
GLD260417P00510000,2026-04-01 20:00:56+00:00,510.0,72.19,63.9,65.6,0.0,0.0,6.0,1.0,1.5048852880859376,True,REGULAR,USD,put
GLD260417P00511000,2026-03-19 14:57:49+00:00,511.0,87.65,64.9,66.45,0.0,0.0,3.0,0.0,1.4892603662109374,True,REGULAR,USD,put
GLD260417P00512000,2026-04-01 20:00:56+00:00,512.0,74.17,65.95,67.55,0.0,0.0,1.0,0.0,1.5400413623046876,True,REGULAR,USD,put
GLD260417P00513000,2026-03-19 14:11:58+00:00,513.0,86.2,66.95,68.4,0.0,0.0,2.0,0.0,1.5234398828124998,True,REGULAR,USD,put
GLD260417P00514000,2026-03-20 14:13:25+00:00,514.0,92.25,67.95,69.4,0.0,0.0,2.0,0.0,1.5400413623046876,True,REGULAR,USD,put
GLD260417P00515000,2026-03-24 14:07:14+00:00,515.0,111.95,68.95,70.45,0.0,0.0,1.0,0.0,1.5683615332031249,True,REGULAR,USD,put
GLD260417P00520000,2026-04-01 15:52:49+00:00,520.0,80.5,73.9,75.6,0.0,0.0,2.0,0.0,1.67578287109375,True,REGULAR,USD,put
GLD260417P00525000,2026-03-13 17:55:32+00:00,525.0,62.44,78.9,80.55,0.0,0.0,1.0,0.0,1.7470715771484375,True,REGULAR,USD,put
GLD260417P00530000,2026-03-19 19:01:49+00:00,530.0,103.45,83.9,85.6,0.0,0.0,2.0,0.0,1.8408211083984374,True,REGULAR,USD,put
GLD260417P00535000,2026-03-18 19:50:30+00:00,535.0,89.93,88.9,90.4,0.0,0.0,310.0,0.0,1.8671881640625,True,REGULAR,USD,put
GLD260417P00540000,2026-03-18 19:50:30+00:00,540.0,94.97,93.95,95.3,0.0,0.0,3200.0,0.0,1.9296878515625,True,REGULAR,USD,put
GLD260417P00545000,2026-03-06 14:34:57+00:00,545.0,78.0,0.0,0.0,0.0,0.0,1.0,0.0,1.0000000000000003e-05,True,REGULAR,USD,put
GLD260417P00550000,2026-04-14 16:52:30+00:00,550.0,107.64,103.8,105.4,0.0,0.0,100.0,0.0,2.064457963867187,True,REGULAR,USD,put
GLD260417P00555000,2026-02-09 20:00:54+00:00,555.0,90.1,0.0,0.0,0.0,0.0,2.0,0.0,1.0000000000000003e-05,True,REGULAR,USD,put
GLD260417P00560000,2026-02-02 20:33:59+00:00,560.0,132.15,97.4,100.6,0.0,0.0,352.0,244.0,1.0000000000000003e-05,True,REGULAR,USD,put
GLD260417P00565000,2026-03-13 13:42:18+00:00,565.0,96.05,118.9,120.55,0.0,0.0,1.0,0.0,2.3593791015624994,True,REGULAR,USD,put
GLD260417P00570000,2026-02-03 19:46:02+00:00,570.0,118.3,107.35,111.25,0.0,0.0,6.0,0.0,1.0000000000000003e-05,True,REGULAR,USD,put
GLD260417P00575000,2026-03-12 19:09:22+00:00,575.0,106.2,128.85,130.55,0.0,0.0,830.0,0.0,2.4843787890625,True,REGULAR,USD,put
GLD260417P00580000,2026-03-12 19:09:22+00:00,580.0,111.4,133.95,135.45,0.0,0.0,1900.0,0.0,2.5537145532226564,True,REGULAR,USD,put
GLD260417P00585000,2026-03-06 15:16:33+00:00,585.0,112.28,0.0,0.0,0.0,0.0,1.0,0.0,1.0000000000000003e-05,True,REGULAR,USD,put
GLD260417P00590000,2026-02-17 20:54:21+00:00,590.0,141.46,0.0,0.0,0.0,0.0,290.0,0.0,1.0000000000000003e-05,True,REGULAR,USD,put
GLD260417P00595000,2026-03-18 19:51:27+00:00,595.0,152.0,148.95,150.55,0.0,0.0,1.0,0.0,2.7890655273437504,True,REGULAR,USD,put
GLD260417P00600000,2026-04-07 14:12:16+00:00,600.0,175.58,153.95,155.55,0.0,0.0,20.0,0.0,2.8554716113281247,True,REGULAR,USD,put
GLD260417P00605000,2026-03-05 20:56:11+00:00,605.0,138.78,0.0,0.0,0.0,0.0,1.0,0.0,1.0000000000000003e-05,True,REGULAR,USD,put
GLD260417P00610000,2026-03-05 20:56:11+00:00,610.0,143.76,0.0,0.0,0.0,0.0,1.0,0.0,1.0000000000000003e-05,True,REGULAR,USD,put
GLD260417P00615000,2026-04-09 15:55:19+00:00,615.0,175.43,168.9,170.45,0.0,0.0,20.0,0.0,2.994143139648437,True,REGULAR,USD,put
GLD260417P00620000,2026-02-25 18:11:00+00:00,620.0,141.71,0.0,0.0,0.0,0.0,2.0,0.0,1.0000000000000003e-05,True,REGULAR,USD,put
GLD260417P00625000,2026-02-25 18:11:25+00:00,625.0,146.62,0.0,0.0,0.0,0.0,2.0,0.0,1.0000000000000003e-05,True,REGULAR,USD,put
GLD260417P00630000,2026-03-13 19:59:17+00:00,630.0,169.2,183.85,185.55,0.0,0.0,20.0,0.0,3.1972676318359374,True,REGULAR,USD,put
GLD260417P00635000,2026-02-23 17:09:32+00:00,635.0,156.6,0.0,0.0,0.0,0.0,2.0,0.0,1.0000000000000003e-05,True,REGULAR,USD,put
GLD260417P00640000,2026-02-10 20:22:49+00:00,640.0,177.66,0.0,0.0,0.0,0.0,980.0,0.0,1.0000000000000003e-05,True,REGULAR,USD,put
GLD260417P00645000,2026-01-30 20:33:20+00:00,645.0,198.2,182.3,186.0,0.0,0.0,730.0,0.0,1.0000000000000003e-05,True,REGULAR,USD,put
GLD260417P00650000,2026-01-30 17:54:42+00:00,650.0,207.65,187.3,191.25,0.0,0.0,790.0,0.0,1.0000000000000003e-05,True,REGULAR,USD,put
GLD260417P00655000,2026-02-12 19:38:10+00:00,655.0,200.46,0.0,0.0,0.0,0.0,2.0,0.0,1.0000000000000003e-05,True,REGULAR,USD,put
GLD260417P00660000,2026-01-30 20:52:09+00:00,660.0,213.35,197.0,201.3,0.0,0.0,,0.0,1.0000000000000003e-05,True,REGULAR,USD,put
GLD260417P00665000,2026-01-30 17:25:29+00:00,665.0,212.2,202.3,206.25,0.0,0.0,,0.0,1.0000000000000003e-05,True,REGULAR,USD,put
GLD260417P00670000,2026-03-13 19:59:17+00:00,670.0,209.18,223.95,225.55,0.0,0.0,20.0,0.0,3.7011726220703123,True,REGULAR,USD,put
GLD260417P00675000,2026-01-30 17:35:26+00:00,675.0,224.4,212.0,216.3,0.0,0.0,,0.0,1.0000000000000003e-05,True,REGULAR,USD,put
GLD260417P00680000,2026-01-30 17:21:01+00:00,680.0,228.95,217.3,221.25,0.0,0.0,,0.0,1.0000000000000003e-05,True,REGULAR,USD,put
GLD260417P00685000,2026-01-30 17:20:08+00:00,685.0,233.9,222.3,226.25,0.0,0.0,,0.0,1.0000000000000003e-05,True,REGULAR,USD,put
GLD260417P00700000,2026-02-02 20:58:58+00:00,700.0,272.11,237.3,241.25,0.0,0.0,1.0,0.0,1.0000000000000003e-05,True,REGULAR,USD,put
GLD260417P00705000,2026-02-02 20:58:58+00:00,705.0,277.13,242.2,246.0,0.0,0.0,,0.0,1.0000000000000003e-05,True,REGULAR,USD,put
GLD260417P00770000,2026-04-07 19:45:54+00:00,770.0,337.8,323.95,325.4,0.0,0.0,,,4.644535444335938,True,REGULAR,USD,put
GLD260417P00800000,2026-03-18 15:41:06+00:00,800.0,352.4,353.9,355.45,0.0,0.0,,0.0,4.9140663574218735,True,REGULAR,USD,put
