contractSymbol,lastTradeDate,strike,lastPrice,bid,ask,change,percentChange,volume,openInterest,impliedVolatility,inTheMoney,contractSize,currency,type
GLD260930C00250000,2026-04-24 17:02:16+00:00,250.0,188.85,167.2,171.0,0.0,0.0,10.0,24,0.5692181750488281,True,REGULAR,USD,call
GLD260930C00260000,2026-03-20 17:48:11+00:00,260.0,165.15,188.85,192.75,0.0,0.0,5.0,5,1.1316571737670897,True,REGULAR,USD,call
GLD260930C00265000,2026-03-20 19:53:59+00:00,265.0,155.91,184.0,187.9,0.0,0.0,1.0,4,1.103794764251709,True,REGULAR,USD,call
GLD260930C00270000,2025-10-21 13:38:49+00:00,270.0,124.5,116.7,120.45,0.0,0.0,1.0,0,1.0000000000000003e-05,True,REGULAR,USD,call
GLD260930C00275000,2026-03-30 15:33:12+00:00,275.0,149.24,143.55,146.75,0.0,0.0,,5,0.5092212164306642,True,REGULAR,USD,call
GLD260930C00280000,2026-02-25 15:27:51+00:00,280.0,203.42,0.0,0.0,0.0,0.0,1.0,0,1.0000000000000003e-05,True,REGULAR,USD,call
GLD260930C00285000,2025-10-30 20:08:26+00:00,285.0,96.0,109.95,114.0,0.0,0.0,1.0,1,1.0000000000000003e-05,True,REGULAR,USD,call
GLD260930C00290000,2026-02-02 19:37:24+00:00,290.0,146.6,176.3,180.15,0.0,0.0,10.0,63,1.1974527432250976,True,REGULAR,USD,call
GLD260930C00295000,2025-12-26 14:59:36+00:00,295.0,129.48,164.6,168.8,0.0,0.0,1.0,3,1.0790298734283448,True,REGULAR,USD,call
GLD260930C00300000,2026-04-13 15:25:02+00:00,300.0,139.31,119.5,122.75,0.0,0.0,1.0,41,0.4783377362060547,True,REGULAR,USD,call
GLD260930C00305000,2026-03-27 14:26:52+00:00,305.0,115.1,114.8,118.0,0.0,0.0,10.0,16,0.46521530883789064,True,REGULAR,USD,call
GLD260930C00310000,2026-04-30 15:44:28+00:00,310.0,120.49,110.0,113.25,0.0,0.0,20.0,19,0.45203184692382814,True,REGULAR,USD,call
GLD260930C00315000,2026-01-29 19:10:36+00:00,315.0,183.2,152.5,156.1,0.0,0.0,10.0,32,1.0589494074249268,True,REGULAR,USD,call
GLD260930C00318000,2026-02-02 16:45:06+00:00,318.0,122.3,149.65,153.25,0.0,0.0,2.0,9,1.0431871571350102,True,REGULAR,USD,call
GLD260930C00319000,2025-10-20 14:08:12+00:00,319.0,89.5,72.55,76.4,0.0,0.0,10.0,0,1.0000000000000003e-05,True,REGULAR,USD,call
GLD260930C00320000,2026-04-20 19:14:42+00:00,320.0,130.0,100.8,103.9,0.0,0.0,1.0,141,0.42792320129394534,True,REGULAR,USD,call
GLD260930C00321000,2025-12-04 16:20:39+00:00,321.0,79.1,101.6,105.3,0.0,0.0,52.0,27,0.46335375518798827,True,REGULAR,USD,call
GLD260930C00322000,2026-03-19 15:40:14+00:00,322.0,108.25,129.95,133.15,0.0,0.0,1.0,71,0.8248918878173828,True,REGULAR,USD,call
GLD260930C00323000,2026-02-02 16:33:30+00:00,323.0,116.1,144.95,148.55,0.0,0.0,6.0,61,1.0177661416625976,True,REGULAR,USD,call
GLD260930C00324000,2026-01-21 15:11:56+00:00,324.0,132.31,155.4,158.6,0.0,0.0,1.0,127,1.1478008918762206,True,REGULAR,USD,call
GLD260930C00325000,2026-04-23 19:43:58+00:00,325.0,113.5,96.65,98.85,0.0,0.0,1.0,34,0.4094297338867187,True,REGULAR,USD,call
GLD260930C00326000,2025-12-04 16:19:22+00:00,326.0,74.97,97.1,100.85,0.0,0.0,124.0,62,0.4531609860229492,True,REGULAR,USD,call
GLD260930C00327000,2025-12-04 17:21:46+00:00,327.0,73.71,96.2,99.75,0.0,0.0,68.0,35,0.44788149780273434,True,REGULAR,USD,call
GLD260930C00328000,2026-02-02 16:33:30+00:00,328.0,111.7,140.25,143.85,0.0,0.0,10.0,57,0.99258430267334,True,REGULAR,USD,call
GLD260930C00329000,2025-12-04 16:22:51+00:00,329.0,72.52,94.5,98.1,0.0,0.0,113.0,94,0.44565373687744136,True,REGULAR,USD,call
GLD260930C00330000,2026-04-14 19:20:47+00:00,330.0,122.84,91.85,94.7,0.0,0.0,5.0,42,0.4054319711303711,True,REGULAR,USD,call
GLD260930C00331000,2025-12-05 15:06:00+00:00,331.0,72.54,130.75,134.9,0.0,0.0,2.0,3,0.9017038638305664,True,REGULAR,USD,call
GLD260930C00332000,2026-01-09 15:40:25+00:00,332.0,95.05,143.35,147.2,0.0,0.0,1.0,4,1.0548905898284913,True,REGULAR,USD,call
GLD260930C00333000,2025-12-03 19:18:45+00:00,333.0,68.55,90.95,94.05,0.0,0.0,3.0,8,0.4299983758544922,True,REGULAR,USD,call
GLD260930C00334000,2026-01-13 15:47:02+00:00,334.0,101.91,134.0,137.35,0.0,0.0,1.0,119,0.9540562455749511,True,REGULAR,USD,call
GLD260930C00335000,2026-01-26 20:27:25+00:00,335.0,139.1,145.05,148.3,0.0,0.0,1.0,28,1.0885360514831541,True,REGULAR,USD,call
GLD260930C00336000,2026-02-02 16:01:55+00:00,336.0,100.85,132.85,136.4,0.0,0.0,10.0,59,0.9538731419372557,True,REGULAR,USD,call
GLD260930C00337000,2025-12-04 16:18:13+00:00,337.0,66.1,87.55,89.65,0.0,0.0,,103,0.40939921661376955,True,REGULAR,USD,call
GLD260930C00338000,2026-01-29 17:37:03+00:00,338.0,165.65,131.2,134.55,0.0,0.0,2.0,270,0.9454961505126953,True,REGULAR,USD,call
GLD260930C00339000,2026-01-20 16:10:33+00:00,339.0,108.0,141.35,144.55,0.0,0.0,1.0,240,1.0676621324157718,True,REGULAR,USD,call
GLD260930C00340000,2026-02-02 18:19:27+00:00,340.0,98.45,129.35,132.75,0.0,0.0,1.0,319,0.9362799340820311,True,REGULAR,USD,call
GLD260930C00341000,2026-02-02 16:01:55+00:00,341.0,96.65,128.25,131.8,0.0,0.0,10.0,128,0.930390100402832,True,REGULAR,USD,call
GLD260930C00342000,2025-12-03 17:48:21+00:00,342.0,62.4,84.55,85.15,0.0,0.0,,157,0.3980773083496094,True,REGULAR,USD,call
GLD260930C00343000,2026-01-16 15:06:09+00:00,343.0,93.65,137.65,140.85,0.0,0.0,1.0,42,1.0472154573059083,True,REGULAR,USD,call
GLD260930C00344000,2025-12-03 20:11:06+00:00,344.0,60.85,82.75,83.5,0.0,0.0,,26,0.39551385742187506,True,REGULAR,USD,call
GLD260930C00345000,2026-02-25 15:28:16+00:00,345.0,141.57,0.0,0.0,0.0,0.0,2.0,0,1.0000000000000003e-05,True,REGULAR,USD,call
GLD260930C00346000,2026-03-27 19:09:13+00:00,346.0,85.9,77.35,79.0,0.0,0.0,2.0,74,0.3533084689331054,True,REGULAR,USD,call
GLD260930C00347000,2026-02-02 16:01:21+00:00,347.0,91.9,122.75,126.35,0.0,0.0,1.0,2,0.9029092961120604,True,REGULAR,USD,call
GLD260930C00348000,2025-11-13 15:06:42+00:00,348.0,58.67,79.5,80.1,0.0,0.0,17.0,21,0.3887085055541992,True,REGULAR,USD,call
GLD260930C00349000,2026-04-07 19:49:31+00:00,349.0,98.13,74.6,76.35,0.0,0.0,2.0,40,0.34766277343749996,True,REGULAR,USD,call
GLD260930C00350000,2026-05-04 14:21:21+00:00,350.0,79.72,73.75,75.45,-3.9300003,-4.6981473,2.0,79,0.34552656433105466,True,REGULAR,USD,call
GLD260930C00351000,2026-01-28 19:39:13+00:00,351.0,147.27,130.3,133.55,0.0,0.0,1.0,6,1.007573321533203,True,REGULAR,USD,call
GLD260930C00352000,2026-01-12 15:26:12+00:00,352.0,86.5,124.75,128.65,0.0,0.0,28.0,54,0.9547123669433593,True,REGULAR,USD,call
GLD260930C00353000,2026-01-28 17:11:04+00:00,353.0,144.81,128.45,131.7,0.0,0.0,1.0,18,0.9975281008911132,True,REGULAR,USD,call
GLD260930C00354000,2026-01-12 17:56:29+00:00,354.0,84.7,122.95,126.8,0.0,0.0,4.0,9,0.9452214950561523,True,REGULAR,USD,call
GLD260930C00355000,2026-03-27 15:23:47+00:00,355.0,82.4,69.6,71.25,0.0,0.0,2.0,126,0.33847707427978513,True,REGULAR,USD,call
GLD260930C00356000,2026-02-23 20:52:55+00:00,356.0,136.45,0.0,0.0,0.0,0.0,1.0,0,1.0000000000000003e-05,True,REGULAR,USD,call
GLD260930C00357000,2026-03-26 14:27:23+00:00,357.0,72.85,67.95,69.55,0.0,0.0,1.0,60,0.33521172607421873,True,REGULAR,USD,call
GLD260930C00358000,2026-03-24 13:53:34+00:00,358.0,64.66,66.95,68.7,0.0,0.0,1.0,21,0.3335332760620118,True,REGULAR,USD,call
GLD260930C00359000,2026-01-30 19:12:22+00:00,359.0,106.7,112.0,115.65,0.0,0.0,5.0,25,0.850862087097168,True,REGULAR,USD,call
GLD260930C00360000,2026-04-17 15:10:26+00:00,360.0,98.37,65.45,67.05,0.0,0.0,1.0,74,0.3307409455871582,True,REGULAR,USD,call
GLD260930C00361000,2026-05-01 14:05:39+00:00,361.0,75.75,64.6,66.2,0.0,0.0,1.0,93,0.32898620239257803,True,REGULAR,USD,call
GLD260930C00362000,2026-01-16 15:33:37+00:00,362.0,71.45,120.35,123.65,0.0,0.0,10.0,13,0.9553227124023438,True,REGULAR,USD,call
GLD260930C00363000,2026-03-19 13:40:42+00:00,363.0,71.95,92.8,95.65,0.0,0.0,8.0,15,0.6607089593505859,True,REGULAR,USD,call
GLD260930C00364000,2026-01-09 15:02:03+00:00,364.0,66.25,113.85,117.8,0.0,0.0,5.0,15,0.8988047229003906,True,REGULAR,USD,call
GLD260930C00365000,2026-04-29 19:09:24+00:00,365.0,64.5,61.25,62.95,0.0,0.0,36.0,178,0.3235236105346678,True,REGULAR,USD,call
GLD260930C00366000,2026-03-19 13:40:42+00:00,366.0,69.55,90.1,92.9,0.0,0.0,6.0,7,0.6487461883544923,True,REGULAR,USD,call
GLD260930C00367000,2026-03-19 15:40:14+00:00,367.0,70.27,89.3,91.6,0.0,0.0,1.0,94,0.6432530792236328,True,REGULAR,USD,call
GLD260930C00368000,2026-04-07 17:35:10+00:00,368.0,79.45,59.35,60.6,0.0,0.0,1.0,53,0.3201514518737792,True,REGULAR,USD,call
GLD260930C00369000,2026-01-23 20:15:38+00:00,369.0,101.75,114.4,116.3,0.0,0.0,2.0,11,0.9187935366821288,True,REGULAR,USD,call
GLD260930C00370000,2026-04-14 14:19:46+00:00,370.0,84.75,57.35,59.0,0.0,0.0,2.0,169,0.3173286041259765,True,REGULAR,USD,call
GLD260930C00371000,2026-04-30 14:25:28+00:00,371.0,65.8,56.6,58.2,0.0,0.0,8.0,39,0.315863775024414,True,REGULAR,USD,call
GLD260930C00372000,2026-03-20 15:30:25+00:00,372.0,65.35,85.0,87.7,0.0,0.0,2.0,295,0.6279486668395997,True,REGULAR,USD,call
GLD260930C00373000,2026-03-03 15:42:12+00:00,373.0,106.95,0.0,0.0,0.0,0.0,1.0,0,1.0000000000000003e-05,True,REGULAR,USD,call
GLD260930C00374000,2026-01-20 15:51:38+00:00,374.0,76.8,109.7,111.95,0.0,0.0,3.0,46,0.8952342019653319,True,REGULAR,USD,call
GLD260930C00375000,2026-04-14 19:28:33+00:00,375.0,83.66,53.9,55.1,0.0,0.0,1.0,257,0.31082842498779295,True,REGULAR,USD,call
GLD260930C00376000,2026-01-26 14:47:48+00:00,376.0,105.12,108.0,110.25,0.0,0.0,220.0,232,0.8869640209960936,True,REGULAR,USD,call
GLD260930C00377000,2026-04-20 17:57:29+00:00,377.0,77.95,51.85,53.55,0.0,0.0,24.0,44,0.30809712905883785,True,REGULAR,USD,call
GLD260930C00378000,2026-04-28 16:55:05+00:00,378.0,57.86,51.1,52.8,0.0,0.0,10.0,78,0.3069527313232422,True,REGULAR,USD,call
GLD260930C00379000,2026-03-10 18:35:49+00:00,379.0,111.11,79.05,81.45,0.0,0.0,4.0,34,0.6024209680175783,True,REGULAR,USD,call
GLD260930C00380000,2026-05-04 16:51:56+00:00,380.0,50.3,49.6,51.3,-1.1599998,-2.2541778,2.0,184,0.3045723840332031,True,REGULAR,USD,call
GLD260930C00381000,2026-01-28 15:15:41+00:00,381.0,116.96,103.7,106.0,0.0,0.0,1.0,60,0.8660596890258788,True,REGULAR,USD,call
GLD260930C00382000,2026-03-24 14:42:34+00:00,382.0,52.0,48.4,49.85,0.0,0.0,3.0,21,0.3025582440185547,True,REGULAR,USD,call
GLD260930C00383000,2026-03-10 15:17:09+00:00,383.0,110.18,75.8,78.55,0.0,0.0,1.0,33,0.5918772502136231,True,REGULAR,USD,call
GLD260930C00384000,2026-04-30 19:06:42+00:00,384.0,55.85,46.85,48.4,0.0,0.0,1.0,23,0.30037625900268555,True,REGULAR,USD,call
GLD260930C00385000,2026-05-01 15:46:33+00:00,385.0,56.5,46.25,47.7,0.0,0.0,3.0,166,0.2994912580871582,True,REGULAR,USD,call
GLD260930C00386000,2026-04-27 18:00:29+00:00,386.0,58.5,45.4,47.0,0.0,0.0,1.0,78,0.298560481262207,True,REGULAR,USD,call
GLD260930C00387000,2026-03-03 15:29:59+00:00,387.0,92.5,0.0,0.0,0.0,0.0,1.0,0,1.0000000000000003e-05,True,REGULAR,USD,call
GLD260930C00388000,2026-04-16 18:35:36+00:00,388.0,67.95,44.4,45.6,0.0,0.0,1.0,50,0.29657685852050775,True,REGULAR,USD,call
GLD260930C00390000,2026-04-28 16:16:18+00:00,390.0,48.2,42.8,44.2,0.0,0.0,1.0,350,0.29444064941406245,True,REGULAR,USD,call
GLD260930C00395000,2026-05-01 14:17:16+00:00,395.0,50.08,39.7,40.85,0.0,0.0,1.0,479,0.28983254119873036,True,REGULAR,USD,call
GLD260930C00400000,2026-05-01 15:50:31+00:00,400.0,45.1,36.5,37.65,0.0,0.0,11.0,696,0.285590640258789,True,REGULAR,USD,call
GLD260930C00405000,2026-05-01 18:56:33+00:00,405.0,40.65,33.4,34.5,0.0,0.0,1.0,143,0.280707876586914,True,REGULAR,USD,call
GLD260930C00410000,2026-05-04 19:07:41+00:00,410.0,31.4,30.75,31.5,-6.000002,-16.042786,2.0,236,0.2760692510986328,True,REGULAR,USD,call
GLD260930C00415000,2026-05-04 16:06:01+00:00,415.0,28.6,28.15,28.8,-7.879999,-21.600876,24.0,957,0.27307855834960937,False,REGULAR,USD,call
GLD260930C00420000,2026-05-04 16:43:30+00:00,420.0,26.11,25.35,26.3,-4.9399986,-15.90982,58.0,280,0.2707287283325196,False,REGULAR,USD,call
GLD260930C00425000,2026-05-04 15:49:44+00:00,425.0,23.8,22.9,23.95,-4.200001,-15.000002,73.0,704,0.2685162260437011,False,REGULAR,USD,call
GLD260930C00430000,2026-05-04 19:55:34+00:00,430.0,21.47,20.95,21.8,-4.25,-16.524107,353.0,425,0.2669293278503418,False,REGULAR,USD,call
GLD260930C00435000,2026-05-04 17:19:47+00:00,435.0,19.9,19.2,19.7,-4.0,-16.736403,29.0,589,0.2645489805603027,False,REGULAR,USD,call
GLD260930C00440000,2026-05-04 18:28:03+00:00,440.0,17.45,17.4,17.85,-5.049999,-22.44444,5.0,512,0.2633130310058594,False,REGULAR,USD,call
GLD260930C00445000,2026-05-04 19:55:34+00:00,445.0,15.88,15.4,16.25,-4.0199995,-20.201002,352.0,914,0.2632977723693848,False,REGULAR,USD,call
GLD260930C00450000,2026-05-04 15:48:55+00:00,450.0,14.65,14.15,14.7,-3.9700012,-21.321165,11.0,1321,0.26261113372802736,False,REGULAR,USD,call
GLD260930C00455000,2026-05-04 16:14:00+00:00,455.0,13.0,12.75,13.3,-3.9799995,-23.439337,36.0,508,0.262275443725586,False,REGULAR,USD,call
GLD260930C00460000,2026-05-04 13:34:39+00:00,460.0,13.25,11.5,12.05,-1.6000004,-10.774412,2.0,778,0.26238225418090827,False,REGULAR,USD,call
GLD260930C00465000,2026-05-01 18:14:31+00:00,465.0,13.25,10.25,11.0,0.0,0.0,20.0,305,0.2636182037353516,False,REGULAR,USD,call
GLD260930C00470000,2026-05-04 15:20:48+00:00,470.0,10.1,9.45,9.85,-1.7699995,-14.911538,2.0,832,0.2626721682739258,False,REGULAR,USD,call
GLD260930C00475000,2026-05-04 18:03:06+00:00,475.0,9.0,8.4,9.1,-1.8900003,-17.355373,3.0,492,0.26544924011230464,False,REGULAR,USD,call
GLD260930C00480000,2026-05-04 19:25:08+00:00,480.0,8.22,7.7,8.25,-1.6499996,-16.717321,3.0,598,0.2661206201171875,False,REGULAR,USD,call
GLD260930C00485000,2026-05-01 13:40:59+00:00,485.0,8.65,7.0,7.55,0.0,0.0,1.0,1243,0.2677990701293945,False,REGULAR,USD,call
GLD260930C00490000,2026-05-01 13:38:34+00:00,490.0,7.9,6.35,6.9,0.0,0.0,1.0,506,0.26934019241333,False,REGULAR,USD,call
GLD260930C00495000,2026-05-01 15:02:30+00:00,495.0,7.83,5.9,6.3,0.0,0.0,1.0,513,0.27078976287841794,False,REGULAR,USD,call
GLD260930C00500000,2026-05-04 16:37:03+00:00,500.0,5.61,5.5,5.8,-0.94000006,-14.351146,5.0,3286,0.27295648925781246,False,REGULAR,USD,call
GLD260930C00505000,2026-05-04 16:05:15+00:00,505.0,5.2,4.9,5.35,-0.47000027,-8.289247,1.0,756,0.27521476745605467,False,REGULAR,USD,call
GLD260930C00510000,2026-05-04 18:24:59+00:00,510.0,4.78,4.4,4.95,-0.119999886,-2.4489772,2.0,187,0.2776256320190429,False,REGULAR,USD,call
GLD260930C00515000,2026-04-29 19:21:31+00:00,515.0,4.4,4.15,4.6,0.0,0.0,4.0,336,0.2803416693115234,False,REGULAR,USD,call
GLD260930C00520000,2026-05-04 14:20:11+00:00,520.0,4.3,3.75,4.2,-0.25,-5.4945054,20.0,153,0.2815623602294921,False,REGULAR,USD,call
GLD260930C00525000,2026-05-04 16:46:40+00:00,525.0,3.74,3.45,3.95,-0.9599998,-20.425528,24.0,23781,0.28504132934570303,False,REGULAR,USD,call
GLD260930C00530000,2026-05-04 15:24:37+00:00,530.0,3.5,3.2,3.65,-0.20000005,-5.4054065,3.0,23964,0.2870249520874023,False,REGULAR,USD,call
GLD260930C00535000,2026-04-29 19:02:40+00:00,535.0,3.2,2.98,3.45,0.0,0.0,6.0,358,0.29062599029541014,False,REGULAR,USD,call
GLD260930C00540000,2026-05-04 14:18:36+00:00,540.0,3.22,2.7,3.2,-0.21000004,-6.12245,1.0,207,0.29273168212890616,False,REGULAR,USD,call
GLD260930C00545000,2026-04-22 16:06:09+00:00,545.0,4.92,2.51,3.05,0.0,0.0,2.0,203,0.29669892761230465,False,REGULAR,USD,call
GLD260930C00550000,2026-05-04 14:22:30+00:00,550.0,2.89,2.48,3.0,-0.26,-8.253968,2.0,472,0.30274134765625,False,REGULAR,USD,call
GLD260930C00555000,2026-04-29 15:12:26+00:00,555.0,2.53,2.18,2.84,0.0,0.0,1.0,102,0.30591514404296877,False,REGULAR,USD,call
GLD260930C00560000,2026-05-01 16:42:12+00:00,560.0,2.85,2.04,2.7,0.0,0.0,1.0,365,0.30933307861328124,False,REGULAR,USD,call
GLD260930C00565000,2026-04-20 13:30:01+00:00,565.0,5.46,1.91,2.58,0.0,0.0,3.0,241,0.31296463409423825,False,REGULAR,USD,call
GLD260930C00570000,2026-04-06 14:05:50+00:00,570.0,6.62,1.88,2.46,0.0,0.0,1.0,250,0.3163520513916015,False,REGULAR,USD,call
GLD260930C00575000,2026-05-01 16:47:50+00:00,575.0,2.4,1.85,2.35,0.0,0.0,2.0,715,0.31976998596191397,False,REGULAR,USD,call
GLD260930C00580000,2026-05-01 14:09:36+00:00,580.0,2.74,1.6,2.25,0.0,0.0,1.0,84,0.32318792053222645,False,REGULAR,USD,call
GLD260930C00585000,2026-05-01 14:02:46+00:00,585.0,2.3,1.51,2.17,0.0,0.0,1.0,92,0.3270330969238281,False,REGULAR,USD,call
GLD260930C00590000,2026-04-13 14:53:55+00:00,590.0,3.4,1.41,2.13,0.0,0.0,5.0,124,0.33197689514160156,False,REGULAR,USD,call
GLD260930C00595000,2026-04-22 13:53:44+00:00,595.0,2.89,1.43,2.02,0.0,0.0,1.0,202,0.33447931152343746,False,REGULAR,USD,call
GLD260930C00600000,2026-05-04 14:25:18+00:00,600.0,1.75,1.32,1.95,-0.14999998,-7.894736,2.0,212,0.3380803497314453,False,REGULAR,USD,call
GLD260930C00605000,2026-03-13 14:22:14+00:00,605.0,8.47,3.1,4.75,0.0,0.0,1.0,8,0.4170895693969726,False,REGULAR,USD,call
GLD260930C00610000,2026-05-01 17:07:45+00:00,610.0,1.89,1.16,1.83,0.0,0.0,1.0,73,0.34552656433105466,False,REGULAR,USD,call
GLD260930C00615000,2026-04-17 17:11:24+00:00,615.0,3.31,1.13,1.75,0.0,0.0,1.0,150,0.3482731188964844,False,REGULAR,USD,call
GLD260930C00620000,2026-05-04 16:50:49+00:00,620.0,1.5,1.25,1.74,0.13,9.489051,2.0,108,0.35346105529785155,False,REGULAR,USD,call
GLD260930C00625000,2026-05-04 16:37:48+00:00,625.0,1.5,1.28,1.67,-0.059999943,-3.8461504,150.0,269,0.35632967895507806,False,REGULAR,USD,call
GLD260930C00630000,2026-05-04 16:45:50+00:00,630.0,1.45,1.09,1.59,-0.07999992,-5.228753,62.0,156,0.3585269226074219,False,REGULAR,USD,call
GLD260930C00635000,2026-05-04 16:48:27+00:00,635.0,1.36,1.08,1.47,-0.120000005,-8.108108,40.0,454,0.35883209533691407,False,REGULAR,USD,call
GLD260930C00640000,2026-04-21 17:24:30+00:00,640.0,1.78,0.92,1.58,0.0,0.0,20.0,238,0.36865865722656255,False,REGULAR,USD,call
GLD260930C00645000,2026-04-28 20:10:53+00:00,645.0,1.09,0.87,1.56,0.0,0.0,3.0,331,0.37305314453125,False,REGULAR,USD,call
GLD260930C00650000,2026-05-04 20:13:19+00:00,650.0,1.2,0.85,1.52,-0.24000001,-16.666666,2.0,779,0.3764710791015625,False,REGULAR,USD,call
GLD260930C00655000,2026-04-29 13:31:22+00:00,655.0,0.98,0.97,1.5,0.0,0.0,2.0,941,0.38068246276855466,False,REGULAR,USD,call
GLD260930P00250000,2026-05-04 16:31:00+00:00,250.0,0.55,0.33,0.6,0.050000012,10.000002,1.0,170,0.3864807446289062,False,REGULAR,USD,put
GLD260930P00255000,2026-04-29 18:07:53+00:00,255.0,0.55,0.35,0.65,0.0,0.0,2.0,7,0.3776917700195312,False,REGULAR,USD,put
GLD260930P00260000,2026-05-01 17:31:55+00:00,260.0,0.54,0.39,0.79,0.0,0.0,1.0,235,0.375982802734375,False,REGULAR,USD,put
GLD260930P00265000,2026-04-08 19:05:49+00:00,265.0,1.04,0.42,0.87,0.0,0.0,2.0,6,0.36853658813476564,False,REGULAR,USD,put
GLD260930P00270000,2026-04-07 19:59:37+00:00,270.0,1.12,0.52,0.94,0.0,0.0,70.0,249,0.35986968261718744,False,REGULAR,USD,put
GLD260930P00275000,2026-04-20 19:33:36+00:00,275.0,0.68,0.57,1.02,0.0,0.0,1.0,437,0.35156898437499995,False,REGULAR,USD,put
GLD260930P00280000,2026-04-22 18:15:03+00:00,280.0,0.62,0.65,1.11,0.0,0.0,18.0,939,0.3435124243164062,False,REGULAR,USD,put
GLD260930P00285000,2026-03-23 15:08:42+00:00,285.0,1.74,0.71,1.22,0.0,0.0,2.0,1395,0.33612724426269536,False,REGULAR,USD,put
GLD260930P00290000,2026-04-17 14:04:15+00:00,290.0,0.85,0.96,1.33,0.0,0.0,60.0,681,0.32831482238769527,False,REGULAR,USD,put
GLD260930P00295000,2026-05-04 19:59:51+00:00,295.0,1.28,1.08,1.45,0.14999998,13.274335,42.0,395,0.3205634350585937,False,REGULAR,USD,put
GLD260930P00300000,2026-05-04 15:20:44+00:00,300.0,1.23,1.24,1.63,0.0,0.0,1.0,153,0.31482618774414056,False,REGULAR,USD,put
GLD260930P00305000,2026-05-01 14:26:29+00:00,305.0,1.3,1.42,1.81,0.0,0.0,503.0,766,0.3083565258789062,False,REGULAR,USD,put
GLD260930P00310000,2026-03-23 15:42:34+00:00,310.0,3.5,1.47,2.01,0.0,0.0,10.0,301,0.3019478985595704,False,REGULAR,USD,put
GLD260930P00315000,2026-04-30 16:03:25+00:00,315.0,1.59,1.66,2.25,0.0,0.0,100.0,148,0.29614961669921874,False,REGULAR,USD,put
GLD260930P00318000,2026-04-28 19:41:21+00:00,318.0,1.73,1.81,2.41,0.0,0.0,2.0,139,0.2927621994018553,False,REGULAR,USD,put
GLD260930P00319000,2026-04-28 19:39:14+00:00,319.0,1.77,1.87,2.47,0.0,0.0,4.0,26,0.29175512939453113,False,REGULAR,USD,put
GLD260930P00320000,2026-04-28 19:40:31+00:00,320.0,1.82,2.07,2.52,0.0,0.0,2.0,1030,0.290473403930664,False,REGULAR,USD,put
GLD260930P00321000,2026-04-06 14:11:14+00:00,321.0,4.55,2.13,2.66,0.0,0.0,21.0,796,0.29157202575683583,False,REGULAR,USD,put
GLD260930P00322000,2026-05-01 14:00:24+00:00,322.0,2.02,2.15,2.64,0.0,0.0,64.0,118,0.28827616027832026,False,REGULAR,USD,put
GLD260930P00323000,2026-04-20 19:53:49+00:00,323.0,1.87,2.26,2.73,0.0,0.0,1.0,950,0.287970987548828,False,REGULAR,USD,put
GLD260930P00324000,2026-04-08 19:05:49+00:00,324.0,4.02,2.21,2.78,0.0,0.0,2.0,244,0.28650615844726557,False,REGULAR,USD,put
GLD260930P00325000,2026-04-29 13:47:08+00:00,325.0,2.5,2.25,2.75,0.0,0.0,2.0,810,0.28290512023925773,False,REGULAR,USD,put
GLD260930P00326000,2026-03-23 16:09:32+00:00,326.0,6.4,2.28,2.81,0.0,0.0,1.0,56,0.28174546386718746,False,REGULAR,USD,put
GLD260930P00327000,2026-04-06 15:06:15+00:00,327.0,5.0,2.35,2.88,0.0,0.0,20.0,14,0.28076891113281244,False,REGULAR,USD,put
GLD260930P00328000,2026-04-02 15:00:39+00:00,328.0,5.2,2.43,2.96,0.0,0.0,10.0,140,0.27997546203613277,False,REGULAR,USD,put
GLD260930P00329000,2026-04-02 15:00:39+00:00,329.0,5.3,2.65,3.05,0.0,0.0,11.0,17,0.2794261511230468,False,REGULAR,USD,put
GLD260930P00330000,2026-04-28 13:41:42+00:00,330.0,2.5,2.56,3.15,0.0,0.0,3.0,159,0.27899890930175775,False,REGULAR,USD,put
GLD260930P00331000,2025-12-12 14:34:34+00:00,331.0,3.92,2.33,4.75,0.0,0.0,3.0,79,0.3110115286254882,False,REGULAR,USD,put
GLD260930P00332000,2026-03-25 15:46:43+00:00,332.0,5.65,2.88,3.3,0.0,0.0,10.0,111,0.2769237347412109,False,REGULAR,USD,put
GLD260930P00333000,2026-04-02 15:00:37+00:00,333.0,5.8,2.8,3.35,0.0,0.0,11.0,646,0.27521476745605467,False,REGULAR,USD,put
GLD260930P00334000,2026-01-26 14:51:16+00:00,334.0,1.59,0.34,3.45,0.0,0.0,1.0,11,0.27466545654296876,False,REGULAR,USD,put
GLD260930P00335000,2026-04-07 14:03:42+00:00,335.0,6.49,3.1,3.55,0.0,0.0,3.0,57,0.27402459381103517,False,REGULAR,USD,put
GLD260930P00336000,2026-04-01 17:35:01+00:00,336.0,4.8,3.0,3.65,0.0,0.0,10.0,13,0.27332269653320307,False,REGULAR,USD,put
GLD260930P00337000,2026-04-23 14:39:38+00:00,337.0,2.65,3.25,3.7,0.0,0.0,3.0,64,0.2715526947021484,False,REGULAR,USD,put
GLD260930P00338000,2026-04-22 13:30:12+00:00,338.0,3.52,3.3,3.8,0.6199999,21.379305,1.0,1269,0.27075924560546877,False,REGULAR,USD,put
GLD260930P00339000,2026-03-30 18:52:17+00:00,339.0,8.85,3.3,3.9,0.0,0.0,15.0,118,0.26996579650878905,False,REGULAR,USD,put
GLD260930P00340000,2026-04-28 13:42:28+00:00,340.0,3.15,3.4,4.0,0.0,0.0,3.0,2745,0.2691113128662109,False,REGULAR,USD,put
GLD260930P00341000,2026-03-30 19:01:57+00:00,341.0,9.4,3.5,4.1,0.0,0.0,2.0,125,0.26819579467773436,False,REGULAR,USD,put
GLD260930P00342000,2026-03-30 18:52:16+00:00,342.0,9.4,3.7,4.2,0.0,0.0,10.0,148,0.2672802764892578,False,REGULAR,USD,put
GLD260930P00343000,2026-03-31 19:30:18+00:00,343.0,6.9,3.8,4.1,0.0,0.0,63.0,66,0.2623975128173829,False,REGULAR,USD,put
GLD260930P00344000,2026-04-01 18:17:27+00:00,344.0,5.9,3.75,4.4,0.0,0.0,5.0,420,0.2652661364746094,False,REGULAR,USD,put
GLD260930P00345000,2026-05-01 14:42:05+00:00,345.0,3.35,3.85,4.55,0.0,0.0,4.0,84,0.26511355010986326,False,REGULAR,USD,put
GLD260930P00346000,2026-03-30 15:18:33+00:00,346.0,9.3,3.95,4.65,0.0,0.0,20.0,25,0.2639844110107422,False,REGULAR,USD,put
GLD260930P00347000,2026-03-30 18:42:53+00:00,347.0,10.35,4.05,4.75,0.0,0.0,30.0,139,0.26282475463867194,False,REGULAR,USD,put
GLD260930P00348000,2026-04-21 13:40:36+00:00,348.0,3.3,4.2,4.9,0.0,0.0,2.0,310,0.2625195819091797,False,REGULAR,USD,put
GLD260930P00349000,2026-03-30 18:52:14+00:00,349.0,10.8,4.3,5.0,0.0,0.0,10.0,8,0.26129889099121095,False,REGULAR,USD,put
GLD260930P00350000,2026-05-01 14:42:05+00:00,350.0,3.78,4.5,5.15,0.0,0.0,4.0,322,0.2608716491699219,False,REGULAR,USD,put
GLD260930P00351000,2026-02-06 19:20:31+00:00,351.0,3.7,2.07,3.7,0.0,0.0,24.0,84,0.23157506713867188,False,REGULAR,USD,put
GLD260930P00352000,2026-02-04 21:02:55+00:00,352.0,4.4,2.0,3.7,0.0,0.0,106.0,4,0.22873696075439454,False,REGULAR,USD,put
GLD260930P00353000,2026-02-13 19:18:59+00:00,353.0,3.4,0.0,0.0,0.0,0.0,1.0,0,0.062509375,False,REGULAR,USD,put
GLD260930P00354000,2026-04-21 19:47:43+00:00,354.0,5.04,5.1,5.65,0.0,0.0,11.0,200,0.25699595550537113,False,REGULAR,USD,put
GLD260930P00355000,2026-04-23 16:55:54+00:00,355.0,3.97,5.1,5.8,0.0,0.0,1.0,283,0.25632457550048826,False,REGULAR,USD,put
GLD260930P00356000,2026-02-27 16:17:51+00:00,356.0,2.51,0.0,0.0,0.0,0.0,1.0,0,0.062509375,False,REGULAR,USD,put
GLD260930P00357000,2026-02-06 19:01:32+00:00,357.0,4.42,3.3,4.65,0.0,0.0,2.0,21,0.23133092895507812,False,REGULAR,USD,put
GLD260930P00358000,2026-04-07 15:16:20+00:00,358.0,9.9,5.55,6.25,0.0,0.0,1.0,144,0.2540052627563477,False,REGULAR,USD,put
GLD260930P00359000,2026-04-23 14:39:22+00:00,359.0,4.49,5.75,6.4,0.0,0.0,2.0,277,0.25312026184082037,False,REGULAR,USD,put
GLD260930P00360000,2026-05-04 13:58:58+00:00,360.0,5.4,5.9,6.55,-0.52,-8.783784,1.0,1684,0.25220474365234374,False,REGULAR,USD,put
GLD260930P00361000,2026-04-07 15:16:20+00:00,361.0,10.45,6.05,6.7,0.0,0.0,1.0,234,0.2512281909179687,False,REGULAR,USD,put
GLD260930P00362000,2026-04-07 15:16:20+00:00,362.0,10.65,6.2,6.9,0.0,0.0,1.0,392,0.25095353546142574,False,REGULAR,USD,put
GLD260930P00363000,2026-04-23 15:58:06+00:00,363.0,4.89,6.25,7.05,0.0,0.0,2.0,340,0.24988543090820312,False,REGULAR,USD,put
GLD260930P00364000,2026-04-23 15:59:38+00:00,364.0,5.06,6.5,7.25,0.0,0.0,4.0,130,0.24948870635986325,False,REGULAR,USD,put
GLD260930P00365000,2026-04-30 15:49:13+00:00,365.0,5.6,6.8,7.4,0.0,0.0,2.0,212,0.24832904998779298,False,REGULAR,USD,put
GLD260930P00366000,2026-04-23 15:59:10+00:00,366.0,5.32,6.85,7.6,0.0,0.0,4.0,41,0.24781025634765624,False,REGULAR,USD,put
GLD260930P00367000,2026-04-14 15:51:34+00:00,367.0,6.25,7.1,7.8,0.0,0.0,21.0,333,0.2472304281616211,False,REGULAR,USD,put
GLD260930P00368000,2026-04-17 15:58:25+00:00,368.0,5.1,7.15,8.0,0.0,0.0,1.0,66,0.24658956542968752,False,REGULAR,USD,put
GLD260930P00369000,2026-03-25 17:02:30+00:00,369.0,12.81,7.4,8.2,0.0,0.0,40.0,136,0.2459181854248047,False,REGULAR,USD,put
GLD260930P00370000,2026-05-01 14:21:59+00:00,370.0,6.0,7.65,8.4,0.0,0.0,1.0,1037,0.24518577087402343,False,REGULAR,USD,put
GLD260930P00371000,2026-04-23 15:58:46+00:00,371.0,6.04,7.9,8.6,0.0,0.0,2.0,140,0.24439232177734377,False,REGULAR,USD,put
GLD260930P00372000,2026-04-30 13:30:00+00:00,372.0,6.45,8.2,8.8,0.0,0.0,1.0,157,0.24353783813476562,False,REGULAR,USD,put
GLD260930P00373000,2026-04-23 15:56:16+00:00,373.0,6.3,8.3,9.0,0.0,0.0,2.0,19,0.24265283721923825,False,REGULAR,USD,put
GLD260930P00374000,2026-02-26 17:39:26+00:00,374.0,4.85,0.0,0.0,0.0,0.0,1.0,0,0.0312596875,False,REGULAR,USD,put
GLD260930P00375000,2026-04-28 16:35:24+00:00,375.0,7.6,8.85,9.45,0.0,0.0,1.0,132,0.24134059448242187,False,REGULAR,USD,put
GLD260930P00376000,2026-04-20 19:11:24+00:00,376.0,6.42,9.1,9.7,0.0,0.0,1.0,68,0.24089809402465817,False,REGULAR,USD,put
GLD260930P00377000,2026-03-23 18:44:19+00:00,377.0,17.86,9.15,9.9,0.0,0.0,29.0,271,0.2397994721984863,False,REGULAR,USD,put
GLD260930P00378000,2026-03-27 19:51:13+00:00,378.0,19.22,9.55,10.15,0.0,0.0,1.0,26,0.23923490264892577,False,REGULAR,USD,put
GLD260930P00379000,2026-04-28 13:35:30+00:00,379.0,8.63,9.65,10.4,0.0,0.0,1.0,282,0.23863981582641602,False,REGULAR,USD,put
GLD260930P00380000,2026-05-04 17:30:55+00:00,380.0,10.0,9.9,10.65,2.15,27.388536,1.0,1124,0.23796843582153315,False,REGULAR,USD,put
GLD260930P00381000,2026-05-04 16:58:35+00:00,381.0,10.5,10.25,10.9,-1.3199997,-11.16751,1.0,290,0.23725127990722655,False,REGULAR,USD,put
GLD260930P00382000,2026-04-02 16:12:42+00:00,382.0,15.91,10.4,11.15,0.0,0.0,3.0,76,0.23647308944702145,False,REGULAR,USD,put
GLD260930P00383000,2026-04-23 14:40:41+00:00,383.0,7.94,10.7,11.45,0.0,0.0,2.0,291,0.2362136926269531,False,REGULAR,USD,put
GLD260930P00384000,2026-04-21 18:12:59+00:00,384.0,9.48,11.1,11.7,0.0,0.0,8.0,216,0.23532869171142579,False,REGULAR,USD,put
GLD260930P00385000,2026-05-01 19:47:11+00:00,385.0,9.4,11.2,12.0,0.0,0.0,4.0,234,0.23493196716308595,False,REGULAR,USD,put
GLD260930P00386000,2026-04-29 16:56:48+00:00,386.0,10.95,11.5,12.25,0.0,0.0,2.0,572,0.2339248971557617,False,REGULAR,USD,put
GLD260930P00387000,2026-05-01 13:42:54+00:00,387.0,10.15,11.8,12.55,0.0,0.0,10.0,78,0.2334366207885742,False,REGULAR,USD,put
GLD260930P00388000,2026-05-01 14:07:06+00:00,388.0,9.94,12.05,12.85,0.0,0.0,11.0,221,0.23285679260253905,False,REGULAR,USD,put
GLD260930P00390000,2026-05-04 17:24:10+00:00,390.0,12.87,12.7,13.5,0.6700001,5.491804,1.0,499,0.23209386077880856,False,REGULAR,USD,put
GLD260930P00395000,2026-04-22 15:43:29+00:00,395.0,10.97,14.3,15.1,0.0,0.0,5.0,52,0.22882851257324222,False,REGULAR,USD,put
GLD260930P00400000,2026-05-04 16:13:04+00:00,400.0,16.4,16.15,16.85,2.8499994,21.033205,2.0,745,0.22562419891357421,False,REGULAR,USD,put
GLD260930P00405000,2026-04-29 15:46:40+00:00,405.0,16.79,18.15,18.8,0.0,0.0,11.0,242,0.2228929029846191,False,REGULAR,USD,put
GLD260930P00410000,2026-05-04 15:07:49+00:00,410.0,18.3,20.15,20.95,1.4499989,8.605334,66.0,591,0.22052781433105467,False,REGULAR,USD,put
GLD260930P00415000,2026-05-04 15:23:13+00:00,415.0,22.83,22.35,23.25,3.789999,19.905457,2.0,116,0.2180253979492187,True,REGULAR,USD,put
GLD260930P00420000,2026-05-04 14:54:19+00:00,420.0,22.65,24.85,25.8,2.1299992,10.380113,3.0,415,0.21630117202758786,True,REGULAR,USD,put
GLD260930P00425000,2026-05-01 14:23:17+00:00,425.0,22.07,27.5,28.45,0.0,0.0,1.0,674,0.2139055661010742,True,REGULAR,USD,put
GLD260930P00430000,2026-05-04 14:18:03+00:00,430.0,28.07,30.35,31.4,-1.7700005,-5.931637,7.0,421,0.21276116836547854,True,REGULAR,USD,put
GLD260930P00435000,2026-05-04 19:58:57+00:00,435.0,33.85,33.4,34.45,6.299999,22.867512,34.0,1851,0.21097590789794918,True,REGULAR,USD,put
GLD260930P00440000,2026-05-04 16:03:18+00:00,440.0,36.71,36.6,37.65,5.459999,17.471996,1.0,359,0.2090380610656738,True,REGULAR,USD,put
GLD260930P00445000,2026-05-04 13:30:09+00:00,445.0,37.03,39.55,41.15,-1.050003,-2.757361,1.0,151,0.2085650433349609,True,REGULAR,USD,put
GLD260930P00450000,2026-04-30 19:09:54+00:00,450.0,37.19,43.1,44.75,0.0,0.0,4.0,446,0.20761900787353516,True,REGULAR,USD,put
GLD260930P00455000,2026-04-22 14:10:04+00:00,455.0,35.4,46.8,48.55,0.0,0.0,2.0,175,0.20734435241699217,True,REGULAR,USD,put
GLD260930P00460000,2026-04-28 15:04:06+00:00,460.0,47.1,50.7,52.3,0.0,0.0,3.0,419,0.2049487464904785,True,REGULAR,USD,put
GLD260930P00465000,2026-04-29 14:54:37+00:00,465.0,53.35,55.2,56.45,0.0,0.0,5.0,108,0.2059405578613281,True,REGULAR,USD,put
GLD260930P00470000,2026-04-29 14:07:08+00:00,470.0,59.05,58.8,60.55,0.0,0.0,5.0,95,0.2049334878540039,True,REGULAR,USD,put
GLD260930P00475000,2026-04-28 15:04:06+00:00,475.0,58.2,63.5,64.8,0.0,0.0,3.0,123,0.204536763305664,True,REGULAR,USD,put
GLD260930P00480000,2026-04-28 20:07:08+00:00,480.0,61.5,67.4,69.15,0.0,0.0,1.0,350,0.20432314239501947,True,REGULAR,USD,put
GLD260930P00485000,2026-05-04 15:23:13+00:00,485.0,72.89,71.85,73.55,16.470001,29.191778,1.0,42,0.2035296932983398,True,REGULAR,USD,put
GLD260930P00490000,2026-04-09 18:37:16+00:00,490.0,61.43,76.35,78.05,0.0,0.0,1.0,100,0.20313296874999998,True,REGULAR,USD,put
GLD260930P00495000,2026-04-29 13:59:35+00:00,495.0,80.85,81.0,82.65,0.0,0.0,2.0,63,0.2034991760253906,True,REGULAR,USD,put
GLD260930P00500000,2026-04-10 20:10:15+00:00,500.0,69.84,85.65,87.3,0.0,0.0,68.0,929,0.20374331420898437,True,REGULAR,USD,put
GLD260930P00505000,2026-04-10 20:11:58+00:00,505.0,74.0,90.45,92.0,0.0,0.0,48.0,169,0.20407900421142577,True,REGULAR,USD,put
GLD260930P00510000,2026-04-14 15:04:05+00:00,510.0,74.8,95.1,97.95,0.0,0.0,2.0,355,0.23474886352539062,True,REGULAR,USD,put
GLD260930P00515000,2026-03-25 17:08:16+00:00,515.0,101.57,99.2,102.9,0.0,0.0,302.0,152,0.24164576721191405,True,REGULAR,USD,put
GLD260930P00520000,2026-03-25 17:04:39+00:00,520.0,106.11,104.05,107.95,0.0,0.0,26.0,38,0.25061784545898436,True,REGULAR,USD,put
GLD260930P00525000,2026-03-25 17:00:32+00:00,525.0,110.27,108.9,112.7,0.0,0.0,200.0,100,0.25238784729003905,True,REGULAR,USD,put
GLD260930P00530000,2026-03-25 17:00:51+00:00,530.0,114.72,113.85,117.75,0.0,0.0,2.0,40,0.2611157873535156,True,REGULAR,USD,put
GLD260930P00535000,2026-03-30 15:40:35+00:00,535.0,120.35,118.75,122.65,0.0,0.0,1.0,38,0.26593751647949215,True,REGULAR,USD,put
GLD260930P00540000,2026-04-20 13:52:34+00:00,540.0,99.0,123.7,127.6,0.0,0.0,3.0,8,0.2718578674316406,True,REGULAR,USD,put
GLD260930P00545000,2026-03-30 15:40:03+00:00,545.0,129.6,128.7,132.6,0.0,0.0,2.0,3,0.27893787475585935,True,REGULAR,USD,put
GLD260930P00550000,2026-03-25 17:10:16+00:00,550.0,133.72,133.7,137.6,0.0,0.0,2.0,0,0.2859263302612304,True,REGULAR,USD,put
GLD260930P00555000,2026-04-30 18:59:40+00:00,555.0,131.85,138.05,143.0,0.0,0.0,10.0,10,0.3032906585693359,True,REGULAR,USD,put
GLD260930P00560000,2026-01-23 18:40:37+00:00,560.0,106.45,93.95,95.8,0.0,0.0,24.0,12,1.0000000000000003e-05,True,REGULAR,USD,put
GLD260930P00565000,2026-03-17 18:19:30+00:00,565.0,108.22,118.65,122.4,0.0,0.0,4.0,2,1.0000000000000003e-05,True,REGULAR,USD,put
GLD260930P00570000,2026-03-18 14:26:35+00:00,570.0,125.0,123.45,127.25,0.0,0.0,3.0,32,1.0000000000000003e-05,True,REGULAR,USD,put
GLD260930P00575000,2026-03-05 17:55:59+00:00,575.0,115.5,0.0,0.0,0.0,0.0,2.0,0,1.0000000000000003e-05,True,REGULAR,USD,put
GLD260930P00580000,2026-01-29 20:33:11+00:00,580.0,105.4,120.85,124.2,0.0,0.0,,6,1.0000000000000003e-05,True,REGULAR,USD,put
GLD260930P00585000,2026-03-05 17:55:53+00:00,585.0,124.3,0.0,0.0,0.0,0.0,2.0,0,1.0000000000000003e-05,True,REGULAR,USD,put
GLD260930P00590000,2026-01-27 19:19:00+00:00,590.0,125.21,120.25,122.15,0.0,0.0,,18,1.0000000000000003e-05,True,REGULAR,USD,put
GLD260930P00595000,2026-02-02 17:09:19+00:00,595.0,163.45,134.55,138.1,0.0,0.0,20.0,18,1.0000000000000003e-05,True,REGULAR,USD,put
GLD260930P00600000,2026-01-29 14:35:32+00:00,600.0,109.0,139.5,142.85,0.0,0.0,,60,1.0000000000000003e-05,True,REGULAR,USD,put
GLD260930P00605000,2026-01-27 14:44:16+00:00,605.0,140.3,133.9,137.5,0.0,0.0,,300,1.0000000000000003e-05,True,REGULAR,USD,put
GLD260930P00610000,2026-02-02 17:09:45+00:00,610.0,177.9,148.75,152.35,0.0,0.0,4.0,17,1.0000000000000003e-05,True,REGULAR,USD,put
GLD260930P00615000,2026-02-03 15:27:28+00:00,615.0,164.85,153.85,157.15,0.0,0.0,2.0,8,1.0000000000000003e-05,True,REGULAR,USD,put
GLD260930P00620000,2026-01-26 15:47:16+00:00,620.0,154.35,147.9,151.6,0.0,0.0,,1,1.0000000000000003e-05,True,REGULAR,USD,put
GLD260930P00625000,2026-04-10 19:58:23+00:00,625.0,187.82,208.7,212.6,0.0,0.0,1.0,0,0.37964487548828124,True,REGULAR,USD,put
GLD260930P00630000,2026-01-26 15:58:17+00:00,630.0,163.1,157.4,161.1,0.0,0.0,,1,1.0000000000000003e-05,True,REGULAR,USD,put
GLD260930P00635000,2026-03-18 14:23:33+00:00,635.0,187.75,187.7,192.0,0.0,0.0,1.0,0,1.0000000000000003e-05,True,REGULAR,USD,put
GLD260930P00640000,2026-01-30 18:01:22+00:00,640.0,194.2,177.75,181.45,0.0,0.0,2.0,0,1.0000000000000003e-05,True,REGULAR,USD,put
